iiiiiiiiii     662   613  67.300  6.191   8  -0.980   61.380
iWWVPXA<i/    1275   612  73.500  8.169   8  -1.572   61.349
+9383-,d5)    1887   612  67.500  6.170   9  -1.320   61.319
0(,3=>NHEZ    2499   612  85.600 16.236   6  -1.812   61.292
MXXX_YKCWV    3111   612  91.600 13.766   7  -1.647   61.263
>EWPUACOMJ    3723   611  85.600 18.790   8  -1.785   61.228
JEnLVAIPRW    4334   612  85.700 16.301   6  -1.002   61.213
CZSJZBrCOX    4946   611  97.900 18.644   8  -0.470   61.203
NWVWDnVnV<    5557   613  67.400  6.070   9   0.335   61.211
)g_.d_f-/f    6170   612  61.300  0.213  10  -0.026   61.210
j:-h-<220.    6782   612  91.900 18.063   4  -0.136   61.209
n._ri=0++i    7394   613  61.300  0.213  10   0.770   61.228
(2:g0_j/+6    8007   612  91.800 13.718   4   0.494   61.233
59h11f3>JF    8619   613  85.900 10.033   8   0.637   61.246
_RRTHUW_FM    9232   613  67.300  6.190  10   0.537   61.259
VJQnP>_LQB    9845   613  97.900 16.484   5   0.226   61.262
DYQA<h<>QN   10458   612 116.300 16.494   3  -0.417   61.259
BHiZHPT>SC   11070   613  67.600  6.274  10   0.352   61.267
rHLDVJRPXU   11683   612  79.600 12.141   7  -0.621   61.257
i_BXZ_UYLi   12295   613  61.300  0.213  10   0.001   61.257
nV>VLM>RFB   12908   613  67.400  6.068   9   0.065   61.258
KXV_<041h,   13521   612  67.500  6.245   7   0.235   61.262
<:671?6//i   14133   613  73.400  8.104   9  -0.419   61.253
<iii3.d,?d   14746   612  67.500  6.069   9  -0.318   61.246
d./h':??95   15358   612  67.100  6.230   7   0.055   61.247
((')g-i7<(   15970   613  76.000  7.507   4  -0.527   61.241
><jf(rnj,=   16583   612 122.800 32.353   3   0.413   61.244
,g_+2j-?02   17195   612 119.200 34.383   6  -0.276   61.240
=:>H_TCQE>   17807   613  91.900 13.788   8   0.641   61.253
G>IP_iQIBA   18420   613  98.100 10.102   4   0.653   61.260
AnVGRCiGiX   19033   613  85.700 18.738   9   0.214   61.264
R_LPYLSB_J   19646   613  61.200  0.133  10  -0.068   61.263
DWYCARinBT   20259   612  73.400  8.101   8  -0.489   61.253
>XnTIEHSIQ   20871   612  67.300  6.081   9  -0.352   61.245
DDK_nJ>XNC   21483   612  79.600  8.546   7  -0.666   61.233
>CH_FJKO_D   22095   611  79.500  8.573   8  -0.855   61.216
WITCLOZMi>   22706   613  67.600  6.158   9   0.005   61.216
<_<i/,+=<2   23319   613  74.700  8.916   7   0.977   61.233
0i71in-+i6   23932   612  85.700 13.154   6   0.807   61.246
751n>JMDZ_   24544   613  85.600 13.400   9   0.313   61.253
W_UDQFRHJB   25157   612  67.300  6.079   9  -0.439   61.243
O<r8r<,.g/   25769   613  67.400  6.179   9  -0.069   61.241
>PT>ONNITV   26382   612  91.900 17.309   4  -0.172   61.239
SKOQMVHKU>   26994   613  67.600  6.158   8   0.888   61.257
n>KTZEIEOH   27607   613  85.700 13.784   6   1.136   61.274
EZMVrW_YER   28220   613  67.300  5.969   9   0.153   61.278
iMnnZVJiKE   28833   613  61.100  0.233  11  -0.381   61.267
VCWiGFKCU_   29446   612  79.700 13.115   6   0.093   61.269
MIB>CM<>CO   30058   613  79.600  9.326   8  -0.017   61.268
RPOONFnQEH   30671   612  67.300  6.079   9  -0.208   61.264
YXGJiQRHXA   31283   612  85.500 13.670   7  -1.168   61.243
nU_KQDD>PH   31895   613  67.400  6.188   9  -0.077   61.241
XDDDUDL<?+   32508   612  67.400  6.402   9   0.020   61.242
=fnh8=.+9h   33120   612  67.300  6.561   7   0.017   61.242
r-gr-r19fn   33732   613  74.100  8.415   9   0.012   61.242
ji+g.,24+'   34345   613  67.600  6.165   9   0.621   61.256
0)h57g'56,   34958   613  61.300  0.213  10   0.283   61.264
f'ni85+46r   35571   613  67.500  6.174   9   1.005   61.286
4(r_5.i82r   36184   613  61.200  0.200  11   0.073   61.288
n84h.3)g49   36797   613  67.300  5.969   9  -0.355   61.280
1.nh1_gd62   37410   612  67.400  6.179   9  -0.421   61.271
d1-+ir__8-   38022   613  73.600  8.319   7   0.031   61.271
=7_i-0n64n   38635   613  67.300  6.304  10  -0.185   61.267
)'>XniiKnO   39248   612  73.600  8.246   7   0.231   61.271
SEOQLHMGIU   39860   613  67.300  6.191   9   0.242   61.276
HIH<h():(6   40473   613  73.500  8.171   8   0.086   61.278
n?/3h63/6+   41086   613  79.400  9.370   9  -0.280   61.272
ir0g,i9+:=   41699   613  67.600  5.939   9   0.647   61.286
_(r-j)(?4-   42312   613  85.600 13.398   7   0.111   61.288
d?02+r_+-9   42925   613  61.300  0.153  10  -0.090   61.286
244=n.>JGD   43538   612  73.400  8.105   8  -0.363   61.278
BOQTTVXOQM   44150   613  73.600  7.993   8   0.097   61.280
<-/66353+1   44763   614  67.400  6.179  10   0.606   61.296
958_:?9>IQ   45377   612  67.400  6.295   8  -0.502   61.286
YB<-?d(0r'   45989   613  73.500  8.085   9  -0.402   61.276
g_),j>XWTn   46602   612  79.800  9.213   7  -0.389   61.270
DMJGDTDnC>   47214   613  85.900 13.291   8   0.446   61.279
WEOGZrFMMU   47827   613  67.400  6.070   9  -0.217   61.274
POHnAAHHPX   48440   612  73.500  6.500   5  -0.361   61.269
TKBCKTQSKT   49052   613  67.400  6.170   7   0.117   61.271
iNNUMRCHUH   49665   613  79.600 12.446   8   0.437   61.280
UXJIZ<j,4i   50278   612  67.200  6.315   7  -0.847   61.265
-15,=.3)29   50890   613  79.700  8.579   7   0.085   61.267
n<<(.894:0   51503   613  79.600 15.888   6  -0.065   61.266
f-5:>D_VVW   52116   613  67.500  6.168   9   0.471   61.276
O_QZ>CMGEQ   52729   613  61.200  0.133   9   0.110   61.279
SGDPiDUJiT   53342   612  66.800  6.277   9   0.013   61.279
IUPXWC<h1+   53954   614  67.500  6.134   9   0.567   61.292
:=fi8ir5r>   54568   613  85.800 13.213   6   0.659   61.302
<n2d-50f46   55181   613  67.400  6.183   9  -0.096   61.300
.6-(/?(r.,   55794   613  73.600 12.268   8  -0.097   61.298
31'_j+d732   56407   613  61.300  0.153  10   0.040   61.299
>RYWFVJDQ<   57020   613  67.400  6.179   9  -0.339   61.291
ijrjf9g>IT   57633   612  61.100  0.407  10  -0.816   61.271
FERrA<n<41   58245   613  73.600  6.941   6   0.857   61.283
8598955<98   58858   613  83.000  9.302   6  -0.016   61.283
5=r:i_94==   59471   612  73.400  8.446   9  -0.413   61.274
f>KiSJ>BHU   60083   612  61.200  0.291  10  -0.993   61.249
G>MFPXK>DM   60695   612  61.300  0.153   7  -0.252   61.245
<,463=j8,+   61307   613  60.800  0.554  10   0.043   61.246
j:+2>HJE_n   61920   612  73.500  8.251   7   0.348   61.252
VBWNZWEMZL   62532   613  67.400  6.179   8  -0.028   61.251
XCLTYJ<+g)   63145   612  91.900 20.739   7  -0.486   61.243
/2-ni-,j)j   63757   613  91.900 16.477   6   0.274   61.247
nr.9r24+h_   64370   612  85.500 10.008   8  -0.529   61.236
__)294<-?r   64982   612  73.600  8.071   8   0.484   61.246
-ng7:i/+ni   65594   613  61.100  0.900   9  -0.343   61.238
,'/5.5dg6/   66207   612  67.600  6.176   9  -0.288   61.232
:n26ndn-d6   66819   612  67.400  6.068   7   0.287   61.237
3('+f</=96   67431   612  85.700 13.478   7  -0.208   61.233
/9916(h40-   68043   613  73.500  7.940   7   0.149   61.236
f1n?>IGOii   68656   612  79.500 18.390   7   0.237   61.240
GrVKLKQGIJ   69268   614  67.500  6.168   9   0.926   61.261
NBYU_>rQBB   69882   613  67.400  6.070   9   1.056   61.285
<n0=/'(n9f   70495   614  67.400  6.181   9   0.335   61.292
>KPnXSRLLN   71109   613  79.800 13.099   8   0.969   61.311
PPIIDIrHQr   71722   614  61.200  0.133  10   0.147   61.315
BCMXAAQRLK   72336   613  85.800 10.534   5   0.264   61.318
ETrZKInKiB   72949   614  73.700  8.218   9   0.515   61.330
KZG_P>_EEX   73563   613  67.300  6.191   9  -0.199   61.326
iPFIOPQTQC   74176   613  73.600  8.234   8  -0.318   61.319
ZWVPAXWHHE   74789   613  61.500  0.563   8   0.521   61.330
YAMrTirnn>   75402   614  79.800  9.503   7   0.328   61.335
Xr>BOK<>AN   76016   613  67.400  6.070  10   0.109   61.338
EJYVUUAUJJ   76629   613  79.700  9.377   5  -0.601   61.331
rRUiXM<?r3   77242   614  92.000 18.910   9  -0.066   61.329
f6:_8=./f3   77856   613  61.200  0.327   9   0.215   61.334
<0=5d93_hh   78469   613  73.400  8.271   9  -0.148   61.331
5=?9>Br<5h   79082   614  79.900 13.344   6   0.182   61.333
::f1=g+7-?   79696   613  79.600  9.473   9  -0.099   61.331
<_'h7=:in_   80309   613  92.000 24.749   5   0.008   61.331
201-945h<:   80922   613  67.300  5.861   7  -0.819   61.317
._33,_d:2_   81535   614  67.600  6.165   9   0.685   61.332
i.+,_.._).   82149   614  73.600  8.319   8   0.656   61.345
08i9(=869d   82763   613  79.700 13.115   8   0.086   61.347
6h(fg56>FE   83376   614  67.500  6.168   9   0.137   61.350
>QUUOPiNYH   83990   613  67.300  6.081   9  -0.300   61.343
iXBRQSZM<h   84603   614  67.600  6.158   9   0.213   61.348
n>JWKKUGRr   85217   613  79.700  9.305   7  -0.086   61.347
DLFZPHAKBO   85830   613  73.500 12.390   8  -0.815   61.330
nBGBDiQLVM   86443   613  91.800 16.704   6  -0.715   61.320
HMWG_GMMGP   87056   613  85.800 13.224   6  -0.545   61.312
QGVMi_EHBn   87669   612  92.000 18.457   4  -0.762   61.304
iFX_>XXDRN   88281   614  73.600  8.153   9   0.678   61.319
SXB_iHUMGr   88895   613  79.600  9.255   8   0.092   61.321
BDUKrEUCAR   89508   614  67.400  4.190   8   0.080   61.323
S_FPHEKMSW   90122   613  70.500  6.588   8  -0.108   61.320
C>RPHBBEYT   90735   612  85.800 16.368   7  -0.748   61.307
OBSFRREFQY   91347   614  85.900 13.540   8   0.026   61.308
TMFOSPWEGE   91961   613  79.600  9.328   8  -0.027   61.307
TENWDENiGY   92574   612  67.400  6.402   9  -0.326   61.300
<8/g'.0,3n   93186   614  67.500  6.058   9   0.361   61.308
:g256+=-46   93800   613  61.300  0.153   8   0.328   61.315
7->nYC<d39   94413   614  79.800  9.358   9   0.516   61.326
<,>LCXGPE<   95027   613  73.600  8.237   7   0.197   61.330
72h237r.4g   95640   613  98.100 18.601   6  -0.058   61.329
0=d+jg_.4(   96253   613  67.400  6.183  10  -0.520   61.316
g8>ZBILET>   96866   613  73.800  8.201   6   0.347   61.321
QCnCiLXSWr   97479   614  85.700 18.630   9   0.042   61.322
TMZSTHKGRT   98093   613  61.400  0.221   9  -0.193   61.318
FIVOGXPZiN   98706   613  67.400  6.068  10   0.285   61.325
<hrhj4fd/+   99319   613  67.400  6.070   9  -0.275   61.319
=+>QYZSOGi   99932   614  67.600  6.046   9   0.407   61.328
YTALXEPrOR  100546   613  61.300  0.213  10   0.015   61.328
rU_nPirSF_  101159   613  61.300  0.153  10  -0.143   61.325
>U>JTJDAEZ  101772   613  73.500  8.335   8   0.036   61.325
MMrKYDCTLn  102385   613  61.300  0.153  10  -0.233   61.319
JJL_rRW<8i  102998   613  73.500 12.394   7  -0.327   61.314
268/>VIOQI  103611   614  98.300 20.961   5   1.061   61.327
MUG>iSDVAW  104225   614 110.400 20.032   8   0.233   61.332
FYNZOXn_iZ  104839   613  73.600  8.154   8   0.133   61.334
SGr<+>JUAM  105452   613  73.400  8.184   8  -0.336   61.328
GXMiH_PWM<  106065   613  61.300  0.300  10  -0.502   61.315
3=h7(+(1('  106678   613  67.400  6.068   9  -0.419   61.306
69i5,:fi31  107291   612  75.900  6.814   6  -0.990   61.291
_g9if52?jg  107903   613  85.900 11.814   7   0.206   61.294
hi.(.nf9<h  108516   614  61.200  0.200  11   0.567   61.310
,/h+:dnhfj  109130   613  73.400  7.857   8  -0.175   61.306
7'./nj.>F<  109743   612  67.500  5.976   9  -0.188   61.302
f30653g6>P  110355   614  61.200  0.133  11   0.395   61.313
R_ILMKMDXA  110969   613  73.500  8.168   8  -0.129   61.311
TTUrOZMF<7  111582   612  61.200  0.416   8  -0.745   61.296
>IQ>SJ_EPQ  112194   613  79.600 10.280   7  -1.053   61.277
RGODiC<>IN  112807   612  79.400  9.562   5  -0.474   61.271
HQL_IHrVPB  113419   613  79.700 11.173   6   0.918   61.285
VUCnHD<7::  114032   614  98.100 15.624   6   0.446   61.292
1-3f='>nKM  114646   613  92.000 13.715   6   1.022   61.307
JGTD<90/(1  115259   614  79.700  9.377   9   0.428   61.317
r43n<g+1?2  115873   613  67.300  6.079   9  -0.056   61.315
-/0gg_==1_  116486   613  97.800 18.376   3   0.504   61.319
r7'29:/0g:  117099   614  92.100 18.646   9   0.267   61.325
jh6_.i>UFr  117713   613  67.600  6.050   6   0.720   61.336
>KSDF>_MGU  118326   614  91.700 18.870   5   0.186   61.338
<j7dif':1)  118940   613  79.600 13.562   7   0.076   61.340
11/.j>O_JQ  119553   614  85.900 11.132   6  -0.107   61.338
XZEZNVGXSH  120167   613  79.700 13.063   8  -0.163   61.335
SBi>WJAU>i  120780   613  79.300 15.386   5   0.323   61.339
TTRrCQ>PDB  121393   613  98.100 18.221   6  -0.364   61.333
iUnAEJHKYD  122006   613  86.000 13.424   8  -0.367   61.326
_NJFLPFEPi  122619   614  92.100 10.043   6   0.393   61.332
WVL>VBSIDr  123233   612  97.800 10.538   5  -1.551   61.313
ENni>EGMMA  123845   614  80.000 10.211   8   0.555   61.324
M<2=h>TLNL  124459   613  85.500 13.525   6  -1.302   61.304
NL_I_RJA<j  125072   614  61.900  0.504   8   1.640   61.337
2(i(74nn:>  125686   614  98.100 24.457   6   0.982   61.352
PiCPRiLAY<  126300   614  79.700  9.536   7   0.124   61.354
833i8.2(d6  126914   613  73.600  8.152   8   0.325   61.360
7g-f_h->RJ  127527   614  92.000 13.720   5  -0.520   61.354
>>iNI__MTi  128141   613  92.000 16.396   8  -0.424   61.345
VVNFHFKiHX  128754   613  67.600  6.213   8   0.212   61.350
TD><r)24r.  129367   614  85.900 10.554   7   0.250   61.354
f9=),_2(8d  129981   614  74.200  8.661   8   0.120   61.356
(_(i5=(/9>  130595   613  79.200  9.496   7  -0.627   61.345
OKBSJDRUAU  131208   613  92.100 14.246   5  -0.603   61.338
YWMTJOZnNK  131821   613  98.000 10.295   4  -0.378   61.334
PVFCVSG>VX  132434   614  98.100 13.303   7  -0.033   61.333
RiBrrVWALQ  133048   613  72.900  6.626   6   0.528   61.341
nAUMYDrJLF  133661   614  79.700  8.591   8  -0.013   61.341
JBFSUiWrRC  134275   613  73.600  8.234   8  -0.428   61.333
KP>RSJ>nWT  134888   613  73.500  8.168   9  -0.378   61.324
GHEMRrCN_>  135501   612  67.400  6.376   7  -0.472   61.316
UCnXiAQMTQ  136113   614  73.600  6.776   7  -0.077   61.314
CVVRREX_rO  136727   613  67.400  6.291  10  -0.152   61.311
DIKRZF<i)>  137340   613  67.500  4.089   7   0.403   61.318
NVHFIZUVTV  137953   614  73.600  8.238   9   0.740   61.334
F<.:<i.h=h  138567   613  61.200  0.249   9  -0.309   61.327
6n-/f:.61'  139180   614  73.700  9.822   7   0.532   61.337
50=i3f2-_)  139794   613  67.900  4.162   8  -0.169   61.333
>JDHN<j-ji  140407   613  73.600  8.234   8  -0.218   61.329
_1-rih8,<0  141020   613  73.600  7.996   9  -0.130   61.326
++7<>FVAZC  141633   614  67.500  6.168   8   0.415   61.334
>L_NHXDMBE  142247   614  79.800  9.429   8   0.867   61.352
INROIQJIV_  142861   614  73.600  8.152   8   0.361   61.359
ANACETXrUX  143475   613  67.500  6.168   9  -0.302   61.352
_CULAnrKZS  144088   613  73.500  8.251   8  -0.594   61.340
E<j0h06==-  144701   613  92.000 18.874   6  -0.375   61.335
+7/=r'<d:=  145314   613  67.600  6.158   8  -0.077   61.333
j4d3ggj-(<  145927   615  73.700  8.218   9   0.841   61.352
n/>KSIZTIM  146542   613  67.400  6.179   8   0.204   61.356
HVAiKPPIEO  147155   614  73.600  8.318   7   0.126   61.358
PIXSANZBOU  147769   614  73.700 12.368  10   0.525   61.371
EBEOWEXCQ_  148383   614  67.600  6.158   9   0.503   61.383
MWWISKBQGP  148997   614  85.900 18.709   6  -0.156   61.380
MUBAAHO>L<  149611   614  79.800  9.358   8  -0.058   61.379
72j1g>AJAU  150225   614  86.000 13.520   7  -0.120   61.377
iOUiLRVEJS  150839   613  85.900 13.589   8  -0.272   61.372
YZZY<)8i87  151452   613  79.700  9.305   8  -0.502   61.362
-/==0hdr97  152065   614  92.100 16.435   5   0.123   61.363
:+3>_RSERB  152679   614  85.900 12.755   8   0.093   61.365
YQIiJXFKFA  153293   614  79.800 13.203   7   0.413   61.372
MWDMJDVFIT  153907   614  67.500  6.269   8   0.269   61.378
HKrMCKWLZH  154521   613  67.400  6.070   9  -0.078   61.376
WGAQrGrLXV  155134   614  61.300  0.300  10  -0.255   61.369
nAiRPPKrZG  155748   614  67.600  6.272   9   0.206   61.374
<r8'_+i:??  156362   613  67.400  6.181   9  -0.575   61.361
=rfi3:1</3  156975   614  61.400  0.163   9   0.418   61.371
(>E<-<)?+i  157589   614  98.200 24.551   5   0.558   61.377
0+(:979<.'  158203   613  79.600  8.205   6  -0.782   61.366
(1:>P<f696  158816   614  79.800 13.102   8  -0.001   61.366
17>_ESUiiS  159430   613  73.600  8.234   8  -0.513   61.355
SCWF<7_/i/  160043   614  79.800  9.356   7   0.543   61.365
-,7,7)),34  160657   614  61.400  0.163  10  -0.002   61.365
.=1f>_WXWK  161271   613  85.900 16.351   6  -0.170   61.362
PNNPiN_CrP  161884   614  67.500  6.168   9   0.170   61.366
GJWAJrWUSE  162498   614  73.700  8.135   8  -0.001   61.366
AYFQO_QOIG  163112   613  98.100 13.489   5  -0.758   61.357
D_QUnFHQ>L  163725   613  85.800 13.509   8  -0.778   61.341
UDAiCTKGMR  164338   613  85.800 18.687   6  -0.723   61.330
A>Gn>ODOR>  164951   613  73.600  8.236   8  -0.300   61.324
I>nYJHM<1_  165564   613  67.400  6.179   7  -0.540   61.315
<6/_i+<'g,  166177   613  79.800 13.151   9   0.108   61.317
13<_79h4_n  166790   613  67.600  6.395   8   0.005   61.317
(,)+n_8-n'  167403   613  76.500  6.619   4  -0.284   61.315
82n9)5(?j.  168016   612  91.800 10.484   5  -1.401   61.297
>TWTJKVrZV  168628   614  86.300 10.404   7   0.533   61.306
PWXGIBHH>X  169242   614  61.300  0.153  10   1.431   61.342
FMH<29..n)  169856   614  85.700 13.581   7   0.663   61.354
d9jn+rhi,:  170470   614  98.200 13.717   5   0.569   61.361
:24,/i)<hi  171084   614  61.300  0.153  11   0.272   61.368
)+0?+,'<3h  171698   614  61.400  0.163   8  -0.061   61.367
4i7h7nrg5f  172312   613  85.800 13.610   8  -0.136   61.364
h'7/988,6+  172925   614  61.300  0.153  10  -0.412   61.354
j7<fijr58f  173539   613  73.700 12.257   6  -0.268   61.350
/(5.'<57=7  174152   613  85.800 16.201   8  -0.532   61.339
..(:d0/?==  174765   613  61.400  0.163   9  -0.228   61.334
d+9j40=.-r  175378   613  79.700 18.479   8  -0.472   61.325
j(71)-hng_  175991   613  73.600  8.152   8  -0.175   61.321
67rh:).9:?  176604   613  67.500  6.168   9  -0.127   61.319
=2d21'_?>G  177217   613  67.400  6.181   9  -0.188   61.314
YTNR>IBKrr  177830   613  67.400  6.181   8  -0.067   61.313
YSYPMYAHIG  178443   614  61.300  0.153  11   0.339   61.322
YFGrMRQ>CU  179057   613  67.400  6.181   6   0.002   61.322
OWXYJVDLLU  179670   613  79.800 13.257   9   0.135   61.325
_JMZDJVUAH  180283   614  67.300  6.191  10  -0.102   61.323
UH>_UHBTEU  180897   613  61.400  0.221   9  -0.038   61.322
SI_FUK>THX  181510   613  79.700  9.377   8   0.465   61.331
n>_XVPRVOJ  182123   613  98.000 13.569   6  -0.453   61.324
ZHBUWEWJYU  182736   614  86.000 13.619   7   0.355   61.331
HQnRWJFIIA  183350   614  79.800  9.356   7   0.712   61.343
I<7'(hj32j  183964   613  91.900 10.993   4  -0.192   61.341
=,2+'-<'(_  184577   613  85.800 13.609   8  -0.536   61.331
37r'ff-23>  185190   614  85.900  9.964   8   0.165   61.334
MXJMDrYRTJ  185804   613  61.500  0.224   9   0.629   61.348
KLXRLFWUGN  186417   614  61.300  0.153  11   0.229   61.354
KA>JQYIKE<  187031   614  85.800 24.578   6  -0.229   61.351
n3n:?_gh<8  187645   613  67.500  6.168   9  -0.158   61.347
i+j>>QKRDV  188258   613  79.700 13.166   7  -0.118   61.345
WiUKLGEHR>  188871   613  79.700 13.219   7  -0.593   61.335
rMIHBW>BFW  189484   614  86.200 13.531   7   0.531   61.344
JRAnVWI>BO  190098   614  79.800  9.284   8   0.374   61.352
XGHVPQTMGC  190712   613  79.600 12.975   7  -0.398   61.345
FZUVQFnPSY  191325   613  73.500  8.255   9  -0.352   61.337
iGM_W>rANA  191938   614  67.500  6.058   9   0.057   61.338
DNB_OQrKKT  192552   613  67.500  6.168   7   0.546   61.348
BFEEDUAIAY  193165   613  79.600 13.183   9  -0.571   61.335
iXiFCFLRQJ  193778   614  92.000 16.539   7  -0.193   61.331
<',7i6j:?)  194392   612  73.500  8.168   9  -0.616   61.318
=n.9)<>>Gn  195004   613  79.700 10.063   5  -0.025   61.317
ZDiZASUJ_V  195617   615  61.400  0.221  10   0.829   61.338
UHBiWiCIQi  196232   613  79.600 13.130   8  -0.106   61.336
AGKCPMXrAR  196845   613  61.300  0.153  10   0.136   61.339
ArViCNJrZS  197458   614  73.700  8.304   7   0.766   61.353
JIOPOW_VZ_  198072   614  61.200  0.200  11  -0.306   61.344
ii>EiZRVAJ  198686   613  67.500  6.070   8   0.139   61.347
FUiDNN>LGi  199299   614  67.600  6.159  10   0.146   61.351
MRXPTQNDNF  199913   614  67.600  6.046   8   0.561   61.362
SG>OU>VE_P  200527   614  67.700  6.370   9   0.892   61.382
NQDGJTFBrM  201141   614  67.300  6.079  10  -0.178   61.377
BCNBUXUL<7  201755   613  67.400  6.179   8  -0.697   61.364
.>ILERYBNI  202368   613  85.900 18.818   8  -0.262   61.358
AXTDRIANA_  202981   614  67.500  6.281   9  -0.034   61.358
UMiGKJIMFT  203595   614  79.900  9.480   8   0.545   61.368
IPNE<5nj/-  204209   613  73.600  8.152   8  -0.224   61.364
0-5d?832'6  204822   614  67.400  6.179   9  -0.505   61.353
rh+/2_=9<r  205436   613  73.700  8.219   7   0.239   61.357
g-93.4ng7'  206049   614  79.600  8.150   7   0.106   61.359
?_5,>RKMQA  206663   613  73.600  8.153   9  -0.133   61.356
>AETHTiZ<8  207276   614  73.600  7.989   9  -0.511   61.344
+?6//)+n-6  207890   613  61.500  0.167   9   0.435   61.354
=)4id.3638  208503   614  73.600  8.152   8   0.404   61.362
=+:5g=7?-7  209117   614  73.600  6.822   7  -0.166   61.359
f1r(-=56:)  209731   614  79.900 13.091   7   1.054   61.378
5_5>DOTSnE  210345   614  79.600  9.184   9  -0.088   61.376
B_POrrTPQU  210959   614  67.600  6.046   7  -0.082   61.374
RS>KS<><_5  211573   613  98.100 24.484   6  -0.547   61.366
7r.8)inh62  212186   613  73.600  8.330   8  -0.279   61.360
0fh(<64-6?  212799   614  73.600  8.318   8   0.296   61.366
j5d(h.i5h0  213413   614  73.700  8.218   8  -0.143   61.363
246'i+_r9-  214027   614  61.300  0.153  11   0.554   61.379
3_04h.?h73  214641   614  67.500  6.279   8   0.153   61.382
:_),(_3(r3  215255   614  67.400  6.070  10   0.522   61.395
0=0,>HVIFX  215869   614  79.700  9.380   7  -0.550   61.385
QQZOGIGOnM  216483   614  73.700  8.135   8  -0.210   61.381
YWPS<g9=:0  217097   613  67.500  6.168   8  -0.135   61.378
-g/r?frhj3  217710   614  61.300  0.153  11   0.078   61.380
6_?<9>rFiI  218324   614  79.800  9.357   7  -0.358   61.374
MF<grf?.f8  218938   613  61.300  0.260  10  -0.580   61.360
)n_?,76))?  219551   614  67.600  6.159   8   0.065   61.361
>JK>WrLABW  220165   613  73.600  8.236   9  -0.196   61.357
GUWJQFUFiX  220778   614  66.900  6.256   8   0.134   61.359
LOUUnHTNTI  221392   613  67.500  6.215   9  -0.390   61.350
LM>Wr>OQPi  222005   613  67.500  6.058   9  -0.392   61.342
irLSPWVOWP  222618   614  67.600  6.048   7   0.299   61.347
UWSJUUSGUU  223232   613  73.600 12.268   8   0.279   61.352
PLUXSFDDYH  223845   614  79.700 13.063   9   0.033   61.353
LJQBRMGZ_N  224459   614  61.500  0.224  10   0.297   61.361
LZQACYnniZ  225073   613  73.600 12.157   8  -0.279   61.355
nTMWnSAVrr  225686   614  61.300  0.539   9   0.150   61.358
VQZQQZKTTL  226300   613  85.800 24.468   6  -0.271   61.354
LMZZIEXULZ  226913   613  98.000 26.187   7  -0.835   61.340
PBPiLY>>AW  227526   614  92.200 20.980   7   0.403   61.347
VUW>PB<_,:  228140   613  85.700 18.738   9  -0.438   61.337
3fhr'5/'gd  228753   613  67.500  6.058   9  -0.005   61.337
9f92>iGPMB  229366   614  79.700  9.305   7   0.098   61.339
HB>GHWLZJ_  229980   613  73.600  8.152   9  -0.027   61.338
S<i8:<)hr2  230593   613  79.700  9.377   8   0.016   61.338
/)r?n=h5r7  231206   613  61.300  0.153  10  -0.549   61.325
'6?-f<n.=:  231819   613  67.500  6.168   8  -0.332   61.318
8?:>PLJEGH  232432   613  73.600  7.985   8   0.169   61.321
Z<:2:)25ji  233045   614  79.800  9.283   8   0.082   61.323
47h''+3r9(  233659   613  61.300  0.153   9   0.320   61.330
,0=g?6:2/'  234272   614  79.700 18.367   6   0.041   61.331
6i?501iiir  234886   613  73.500 12.391   9  -0.084   61.329
,(f3,i1n,.  235499   614  73.800 12.357   8   0.509   61.339
=29''85/j9  236113   614  73.700  8.218   9   0.587   61.352
i0_rnfg7?-  236727   613  79.700  9.306   7   0.033   61.353
_.(r(g-/6/  237340   614  79.700  9.449   8  -0.021   61.352
/8f+=<=):(  237954   613  67.500  6.279   9  -0.414   61.343
hr:':64_i:  238567   613  73.700  8.219   9   0.270   61.349
h2/'?/r(j.  239180   614  92.000 24.665   5  -0.144   61.347
832/+r17f5  239794   613 104.300 24.308   8  -0.234   61.343
+4i2d3_?6:  240407   614  67.500  6.168   9   0.261   61.349
nh-9?h<72f  241021   613  73.500  8.086   9  -0.228   61.343
ih9n912>XH  241634   613  61.400  0.163  10  -0.374   61.334
PUiDJP_KNJ  242247   614  73.700  8.221   8   0.430   61.343
IFAKLBTRAN  242861   614  79.800  9.502   8   0.477   61.352
T_BnBMrOiM  243475   613  73.500  8.256   9  -0.500   61.341
GiBMrFARG_  244088   613  73.600  8.244   9  -0.432   61.331
SFODS_FNC_  244701   613  79.700  9.380   8   0.328   61.338
MSGFSK<d.(  245314   613  67.400  6.179   9  -0.504   61.326
gf?0=4=g+8  245927   613  61.400  0.163   9  -0.250   61.321
j<?/(),)f6  246540   613  67.400  6.068  10  -0.188   61.316
?3_1hd/:./  247153   613  61.200  0.133   8  -0.621   61.304
5-)97+d:0d  247766   612  98.100 18.819   5  -0.646   61.296
8f64-n?=9h  248378   614  85.900 13.639   9   0.282   61.302
8/58hg+n66  248992   613  67.400  6.070   8  -0.203   61.298
fr5i.n7fd)  249605   613  92.000 18.874   6   0.455   61.305
i1_5r>D<(3  250218   613  67.400  6.181   8   0.058   61.306
?(<r.i(=3'  250831   613  79.700  9.449   8  -0.247   61.301
3(2infi72+  251444   613  85.800  9.926   7  -0.251   61.297
f(41(>HX<h  252057   613  85.800 13.610   8   0.282   61.302
>CBT<))j77  252670   613  61.400  0.267   9   0.623   61.316
>FBrMQZUW>  253283   614  73.400 12.178   9  -0.098   61.314
URFTiYX>Wn  253897   612  85.800 10.128   6  -0.770   61.302
U_DnEiHBRU  254509   613  67.500  6.065   9   0.158   61.306
SVGVQG<7=>  255122   613  85.600 10.045   7   0.021   61.306
HrJUPIEGEZ  255735   614  67.500  6.059   9   0.420   61.316
rGFXHJVRGI  256349   614  73.700  8.222   7   1.041   61.334
N_T_V>iWEJ  256963   613  73.700  8.147   8  -0.057   61.333
BW<ihid'_f  257576   614  73.700 12.257   9   0.634   61.347
h:70.+_969  258190   614  73.000  8.285   6   0.707   61.358
9=67<>iTFC  258804   614  91.900 13.945   7   0.019   61.358
UENL>D<4?8  259418   613  67.500  6.281   9  -0.100   61.356
:70')r+6+6  260031   614  73.700  8.054   9   0.318   61.363
i,)dnni3_(  260645   613  67.500  6.170   8  -0.332   61.356
(>LWLSKPVT  261258   614  73.600 12.268   9  -0.314   61.349
OVYEY_TCiU  261872   614  61.500  0.269  10   0.473   61.361
M_JNKCRKHQ  262486   613  85.700 13.282   5  -0.017   61.361
QJCCXYLEDH  263099   614 122.700 30.297   5   0.118   61.362
DAGrQBKU_P  263713   614  79.700 13.219   8  -0.063   61.361
rVYiV_ADBF  264327   613  86.000 16.420   8   0.389   61.369
SYTX<+3>KQ  264940   615  67.600  6.268   9   0.462   61.379
CQLETnSGB_  265555   613  67.500  6.168   8   0.107   61.381
i>YBNMOUYR  266168   614  67.500  6.058  10  -0.397   61.372
PZILTPJDBT  266782   614  67.700  6.261   7   0.347   61.378
DYODiOJXKI  267396   613  67.500  6.170   9  -0.131   61.375
rKHNnNXrRN  268009   614  86.000 18.731   8  -0.181   61.371
TBZCPCniDH  268623   614  67.500  6.059   9   0.323   61.378
NnBJVMiQD>  269237   613  79.700 12.958   7  -0.696   61.366
VSi>V>VF>R  269850   614 104.400 20.406   4   0.266   61.369
rPDUVFri<r  270464   614  79.900  9.336   8   0.254   61.374
7'<nj+j/h/  271078   613  85.800  9.993   7  -0.518   61.365
/n11r?43j7  271691   614 104.300 18.553   6  -0.173   61.362
?_2)j_9-).  272305   613  61.300  0.153  10  -0.151   61.358
?>GAiLL<>G  272918   613  67.500  6.168   8  -0.325   61.352
COQHITHEDY  273531   615  67.600  6.158  10   0.616   61.367
<)?_i'081/  274146   613  61.300  0.213   8  -0.161   61.364
((<_//572n  274759   614  92.200 18.708   5  -0.132   61.362
g>iU>VBUSZ  275373   614  92.200 13.835   6   0.511   61.370
KV>nIHnTBW  275987   613  92.200 16.415   7   0.155   61.373
NRL_<d8_=>  276600   614  67.600  6.158   9   0.187   61.377
XnXSAAJSTE  277214   614  85.900 13.589   8   0.232   61.382
VFYiNEUTJI  277828   614  67.500  6.168   9  -0.198   61.377
_HGF_NMNrP  278442   614  79.900  9.334   8   0.018   61.378
TSYUSDTErZ  279056   613  67.300  6.079   9  -0.708   61.362
ATPGFSnFM<  279669   613  61.400  0.267  10  -0.361   61.353
i57i+7(<36  280282   614  67.600  6.161   8  -0.003   61.353
1.01=)0/.:  280896   613  85.900 10.103   8   0.297   61.358
0>rIOS<n=)  281509   614  86.100 10.192   6   0.027   61.359
-2<r5>TYVZ  282123   614  91.900 18.928   7   0.218   61.363
NIFOOVHMMr  282737   614  67.600  6.163   8   0.686   61.376
DHOXWTTQWD  283351   613  61.200  0.133  11  -0.385   61.366
HFDH__rZIR  283964   614  61.500  0.167   9  -0.151   61.362
OMUVWDVOCA  284578   614  79.800  8.137   6   0.186   61.365
<93)8)=8f+  285192   613  73.600  8.234   9  -0.214   61.360
6i4)18/6n-  285805   614  73.700  8.218   9   0.047   61.361
73d9d9)+?'  286419   613  73.600  8.153   8  -0.045   61.361
><)=)7-05(  287032   614  67.500  6.393   8   0.337   61.367
fir4?58(<,  287646   613  73.500 12.389   9  -0.451   61.357
gr:/g(f>_P  288259   614  86.000 13.619   8   0.189   61.361
<67>AiSGNi  288873   614  67.500  6.279   9   0.284   61.367
TRBHYWFTX<  289487   614  67.500  6.058   9   0.020   61.368
9h<g079.j2  290101   613  67.400  5.538   8  -0.086   61.366
+.3<h82/r1  290714   614  73.700  8.303   8   0.017   61.366
jg90'd7=-2  291328   614  82.200 10.786   5  -0.180   61.364
4,g5r)=9n>  291942   613  91.900  9.705   6  -0.836   61.352
GMWROBOrOr  292555   613  68.000  6.013   8  -0.165   61.348
VPZiPSFISL  293168   614  61.300  0.367  11   0.470   61.361
riTCMHFVZC  293782   614  73.600  8.248   6   0.041   61.362
>RTiiYFPZ<  294396   613  86.000 12.816   8  -0.695   61.348
9n4.-5r10g  295009   613  61.300  0.260  10  -0.267   61.341
:i5((7_':9  295622   613  73.600 12.157   8  -0.399   61.333
7r0i>SL_D_  296235   613  67.500  6.281   8   0.073   61.335
AZTnABYKJ>  296848   613  61.100  0.100  11  -0.540   61.320
IZX_WnZNFR  297461   613  79.900  9.406   6   0.301   61.324
TFIVJRDiPY  298074   613  67.000  6.344   8  -0.293   61.318
MAJONnAVPS  298687   614  79.700  8.455   7   0.637   61.330
WiFVHY<f83  299301   614  67.400  6.181   9   0.506   61.341
:+9-6+9)jr  299915   613  67.500  6.087   7   0.267   61.346
/6):3?--1i  300528   614  61.300  0.213  11  -0.261   61.339
5h,0i')7gi  301142   613  61.300  0.260  10  -0.069   61.337
)99.//?(j5  301755   613  73.600 12.268   6   0.099   61.338
-)j.j8'd0>  302368   614 104.300 25.979   7   0.354   61.344
WiT<1j+.i)  302982   614  73.700  7.921   7   0.662   61.356
>AP<>ADBrL  303596   613  67.300  6.193   9  -0.017   61.356
UJGOTiMCKE  304209   614  79.800 13.048   6  -0.398   61.350
rrDIrJEUJn  304823   614  73.700  8.301   6   0.488   61.357
QWFSFNMYZJ  305437   613  98.100 26.326   8  -0.120   61.355
HYMP<:<12d  306050   614  61.500  0.167   9   0.313   61.362
:+.70n<9:2  306664   613  61.200  0.133  11  -0.358   61.352
'4h+'jj.d0  307277   613  61.200  0.133  10  -0.618   61.336
5,j=579+0.  307890   613  61.300  0.213  10  -0.181   61.332
f7>ULBOOZN  308503   613  79.600 13.288   7  -0.237   61.328
QKKGDXiUrO  309116   613  85.800 16.368   6  -0.863   61.315
CNVL_CXHUV  309729   613  79.700 13.114   8  -0.527   61.304
UXWRNXVOUD  310342   613  85.900 13.589   8   0.414   61.313
MnZZW>VrKU  310955   613  79.700 13.166   6  -0.086   61.311
TNHQXPHPii  311568   613  67.200  6.204  10  -0.187   61.307
DM>>IPC>GA  312181   613  91.800 24.694   5  -0.684   61.298
S<(7f_g:52  312794   612  67.400  6.179   9  -0.523   61.286
j'/r74>MiP  313406   614  67.700  6.258   8   1.148   61.309
CEBFT>TRI<  314020   614  73.700  8.135   8   1.319   61.336
i(r+hh-d85  314634   615  61.400  0.163  11   1.042   61.364
:?)ff6:-2r  315249   614  79.700 13.062   7   0.450   61.372
'065<<+7r?  315863   614  92.000 14.765   6   0.212   61.375
5'd>AnYMiZ  316477   613  73.600  8.152   9  -0.629   61.361
MAVV>P>ZEi  317090   613  79.700 13.115   5  -0.606   61.354
rQPOFinUQ>  317703   614  79.700 12.960   9   0.283   61.360
rWNAOrOKFS  318317   614  67.600  6.052   9   0.434   61.370
CWIM_<+f21  318931   614  73.600  8.152   9  -0.244   61.364
2:56)'>MVO  319545   613  73.600 12.268   8  -0.621   61.352
P>>HiIQBN_  320158   613  67.500  6.063   8  -0.121   61.349
>DiEAXGY>D  320771   613  73.600  8.154   9  -0.406   61.340
IAEGnESEFZ  321384   613  79.700  9.449   7  -0.578   61.330
TEIPW<+1f/  321997   613  67.500  6.168   9  -0.278   61.324
/9+j2?=8)_  322610   613  79.700 13.115   7   0.094   61.325
8.6n9idi8)  323223   613  73.600 12.268   9  -0.289   61.319
8,6:0ji0g(  323836   613  79.600 13.129   8  -0.614   61.307
11/.26759.  324449   613  73.500 12.389   8  -0.057   61.306
95.4d>CPHX  325062   614  85.900 13.639   7   0.603   61.316
<.rn5531'2  325676   613  79.700  9.466   6   0.287   61.320
:0:5>rU_iO  326289   614  79.800  9.434   9   0.662   61.335
<'i'd=rgi=  326903   613  67.200  6.095   8  -0.064   61.334
f(g782jf8h  327516   613  85.800 13.609   8  -0.115   61.332
j:h)3ff??>  328129   614  73.500  8.168   8   0.092   61.334
NSACKn_CMH  328743   613  98.100 15.796   4  -0.266   61.331
VnOLJAYrTP  329356   613  85.700 13.061   6  -0.502   61.323
CRD>QRLZCE  329969   613  85.900 13.744   8   0.082   61.325
WnMEXOUKSZ  330582   613  73.600  8.322   8  -0.735   61.310
DSOSDNQIO>  331195   613  80.000  9.326   7   0.544   61.320
r>Q_A>WNnT  331808   614  79.800  9.438   8   0.653   61.333
ZrQFALEERP  332422   614  61.300  0.335  11   0.410   61.344
KS>YSKLn<9  333036   613  92.000 24.637   4   0.140   61.346
2-:85.>KSL  333649   614  85.800  9.729   7  -0.315   61.340
AUWRrFNWUM  334263   612  67.400  6.072   8  -0.945   61.321
nFFFNBMWFY  334875   614  67.700  6.152   9   0.532   61.333
>PFJMFUNML  335489   613  67.300  6.197  10   0.074   61.335
_RTJGYOGAS  336102   614  61.400  0.340   9   0.017   61.335
TIFV<_g-1?  336716   613  79.700 13.012   7   0.351   61.341
d?53+i-66:  337329   614  61.400  0.221  10   0.202   61.347
(?,92>>AUC  337943   614  73.800  6.880   5   1.204   61.362
ONNUNLKinG  338557   615  92.100 15.864   8   1.099   61.384
JH_IVJ>CGO  339172   614  60.700  0.651  10   0.451   61.395
CVPA>WSFDV  339786   614  79.800  9.828   7   0.060   61.396
YBrQQiGJDV  340400   614  61.400  0.163  10   0.212   61.401
rNHSHZ<9:j  341014   615  73.800  8.205   8   0.612   61.413
3j<7h6f6='  341629   614  85.900 13.590   8  -0.656   61.400
9j'034d(5g  342243   614  67.600  6.158   9  -0.047   61.399
6i(<3n171/  342857   613  92.100 24.651   6  -0.219   61.396
r=.:<3/h9r  343470   614  61.400  0.163   9  -0.200   61.391
d8<,j5<90.  344084   614  61.300  0.260  11  -0.405   61.380
irg4><17_f  344698   613  73.700 13.056   7  -0.320   61.375
dr:+?/72'?  345311   613  86.600 16.825   8  -0.467   61.365
4<g:_7)5r,  345924   614  67.500  6.059   9  -0.180   61.361
5'6=+'0_dg  346538   613  61.400  0.163   9  -0.112   61.359
>FELM_JrPN  347151   615  73.700  8.218   9   0.674   61.374
GZYWVrMIr<  347766   614  73.600  7.992   8   0.202   61.378
9n28'r9/d?  348380   613  79.700  9.379   7  -0.068   61.377
2:>FKLW<>W  348993   614 104.200 13.151   5  -0.514   61.370
KAAJYGEEVn  349607   614  85.900 10.167   7   0.340   61.376
nTOYXZiRPN  350221   614  67.500  6.170   9  -0.003   61.376
VIKTUJHYiF  350835   613  67.500  6.058  10  -0.538   61.363
niEUVNNJWI  351448   613  92.000 30.667   4  -0.076   61.362
>MJCYXXTCJ  352061   614 110.500 30.030   8  -0.236   61.357
JHinFEFiMQ  352675   613  67.400  6.068   9  -0.109   61.355
WDGMHAnHrn  353288   613  61.300  0.153  10  -0.227   61.349
JNX<_?7>GO  353901   614  67.500  6.168   8   0.296   61.355
CG>VKFnQK>  354515   614  79.700  9.379   9   0.091   61.357
P<hgd.===5  355129   614  79.800  9.285   7   0.620   61.368
=69).>Q_B>  355743   614  79.700 13.166   9   0.440   61.378
AHEMTOYTN>  356357   614  85.900 13.542   8   0.294   61.384
KERGMQrR>E  356971   615  79.900  9.485   8   0.733   61.398
iZUGiGZr>n  357586   613  67.300  6.081   8  -0.326   61.392
rHUYM_DCXF  358199   614  85.900  9.963   8  -0.391   61.384
<5,_=3()di  358813   614  67.600  5.935   9  -0.107   61.382
95</+d'/1j  359427   613  61.400  0.163   9  -0.194   61.377
).24fdi7_r  360040   615  67.600  6.048  10   0.672   61.394
=r?n45j+r)  360655   614  61.300  0.260  10   0.118   61.397
2>>iiiiiii  361269   613  61.400  0.400  10  -0.283   61.390
iiiiiiiiEi  361882   614  62.800  1.705   7  -0.406   61.383
>iiiiiiiii  362496   614  82.400  8.543   1  -2.257   61.377
iiiiTiN
