iiiiiSPiKI     631   492  49.000  0.149   5  -1.206   49.185
UIRNXWUSRR    1123   491  68.800 13.117   7  -0.963   49.168
X_UKDNWCWX    1614   490  73.600 13.149   7  -1.360   49.144
XLEETHP>ET    2104   491  54.000  4.892   8  -0.851   49.127
ZnMDBLiDOL    2595   491  58.900  6.517   9  -0.543   49.115
GIDQrr<788    3086   490  63.800 10.443   7  -0.622   49.104
2n(gd+6'5'    3576   491  68.600 10.885   9  -0.521   49.092
/i3h),>JFQ    4067   491  68.800 10.896   7   0.217   49.096
nRFEDWZOWS    4558   491  54.000  5.002   9   0.386   49.105
V>nWMNiMV_    5049   491  68.700 15.102   6   0.200   49.108
<i.097>XNS    5540   491  78.500 15.022   7  -0.092   49.106
OKMLUnLMMD    6031   492  68.700 10.866   8   0.132   49.109
_CrRDAVSnI    6523   491  54.000  4.780   9   0.280   49.115
NC_KCVGFFr    7014   491  73.700 15.059   4   0.305   49.118
NT>HJKiEX>    7505   491  58.900  6.604  10  -0.133   49.115
ZKNrHMVICi    7996   491  58.900  5.351   7  -0.005   49.115
rDn>LVIXGZ    8487   492  58.800  5.473   8   0.276   49.120
ErK_FNiMHT    8979   491  63.800  7.614   8   0.282   49.126
_<5nr1:(5r    9470   492  73.700  8.235   6   0.151   49.128
5h7,50d7h6    9962   491  78.600 13.060   6   0.273   49.132
g.nif4063/   10453   491  63.900 10.480   8  -0.217   49.128
=6rrh2,3?=   10944   491  54.000  4.892  10  -0.411   49.118
_n530/+2'?   11435   491  68.700 12.552   5   0.251   49.121
<>CPPGVQ<j   11926   492  76.100 12.950   8  -0.012   49.121
)?40(''(i2   12418   491  68.800 10.895   6   0.342   49.126
202723+8<6   12909   491  68.700 10.865   7   0.125   49.128
j?n0,=1f/j   13400   492  68.800 14.941   7  -0.077   49.127
.7<1i)=?-<   13892   491  63.900 10.480   7   0.233   49.131
+.//fdng0-   14383   491  63.800 10.496   9  -0.303   49.124
5?.gh+9jg:   14874   492  54.100  4.880   7   0.468   49.132
hf.<d(/8ig   15366   491  63.800 10.549   9   0.151   49.135
>nAAIQH_SI   15857   492  49.200  0.133  10   0.410   49.146
YYLNDrZZnn   16349   491  49.100  0.100   9  -0.014   49.145
NUTCY>rKQH   16840   491  58.900  6.602   9  -0.438   49.136
TA<g27n6jd   17331   491  49.100  0.180   9  -0.617   49.122
?)<j/>ZESP   17822   491  68.800 14.942   5   0.161   49.124
<j:48954=d   18313   492  98.200 19.354   6   0.060   49.125
5='>PAMrGV   18805   491  68.900  8.059   6   0.681   49.135
XIInVFG_LA   19296   492  63.700  7.488   9  -0.159   49.131
UiiM>QBDWN   19788   491  49.200  0.249   9   0.109   49.134
JRFPUFFEUK   20279   491  58.900  6.435   9  -0.003   49.134
W_rDK<ig+7   20770   492  54.100  4.880   9   0.103   49.136
1f.0558n34   21262   491  54.000  5.002   9  -0.179   49.132
2nr03-59'/   21753   491  49.100  0.100   9  -0.037   49.131
(+29.g2=d+   22244   492  49.100  0.100  11   0.148   49.135
j7<,f+'ng2   22736   491  54.000  4.892   9  -0.076   49.133
ij'i1_,j6(   23227   491  54.000  5.112   9  -0.170   49.130
(1dg6d715?   23718   492  58.900  9.791   7   0.108   49.132
i2i+4',-8<   24210   491  68.700 10.815   7  -0.218   49.128
/<'7:h1(=_   24701   491  64.000 10.517   7   0.406   49.135
9350,h93<:   25192   492  63.900 10.534   8   0.442   49.144
34i5f?8,8h   25684   492  78.700 10.318   6   0.199   49.147
,9/n:0/25.   26176   491  54.000  4.890   9   0.053   49.148
_370,96?>Q   26667   492  54.100  4.880   9   0.455   49.158
RGETYCOIQP   27159   492  66.200 10.341   6  -0.008   49.158
TFDVEQIOBi   27651   492  73.800 12.633   7   0.471   49.166
NLBZFQUQDD   28143   491  63.900 10.428   7  -0.164   49.163
MKBn_TNAG_   28634   492  49.100  0.100  10  -0.068   49.162
KBDT_PnBrL   29126   491  54.100  4.990   9  -0.185   49.157
MnArXJrRMG   29617   492  68.900 10.977   7   0.146   49.160
YFYLiSWEJK   30109   491  73.800 13.232   7  -0.016   49.160
rCFOnrLOn<   30600   492  63.900 10.428   8  -0.019   49.159
jd80<:?6d>   31092   491  73.700 13.210   7  -0.296   49.154
CX<n'4r27?   31583   492  63.900 10.583   7  -0.009   49.154
0?)r(90g=:   32075   491  49.100  0.180   9  -0.009   49.154
/=<6r982g(   32566   492  54.100  4.880  10  -0.267   49.147
3i2'1jd'/+   33058   491  54.100  4.880   9  -0.326   49.140
<-f/994,ii   33549   491  59.100  9.989   7  -0.113   49.138
?+382_7-7=   34040   492  83.600 18.176   6   0.359   49.143
,)7-h/n0((   34532   491  88.400 17.667   4   0.071   49.144
hdi65-6_<9   35023   492  68.900 10.877   9   0.283   49.150
d:4?5739h(   35515   491  54.000  4.890   8  -0.028   49.150
8?73'?)+,?   36006   492  49.100  0.180  11  -0.152   49.146
4=nrd6-_.8   36498   491  54.000  5.002   9  -0.196   49.141
3f=h9=9__(   36989   491  54.100  4.992   8  -0.254   49.136
0>iBBOXJXW   37480   492  59.000  9.780   9   0.005   49.136
>IQ>QVTV<_   37972   491  54.100  4.889   8   0.283   49.142
-fg_)/r)n(   38463   492  55.700  4.996   8   0.170   49.145
g9-d4(5-1r   38955   491  63.900  5.656   6   0.129   49.147
-:d<>GRrUr   39446   492  65.400 10.350   9  -0.058   49.146
QRLWLAKTSr   39938   491  49.200  0.249   9  -0.036   49.145
nETr<=jn'7   40429   492  63.900 10.481   8   0.419   49.153
+'-7_/n3)h   40921   492  54.100  4.990   9   0.334   49.161
)j58dgr.hf   41413   492  54.100  4.882   9   0.350   49.169
6+/i512232   41905   492  63.900  7.442   8   0.102   49.171
2+05r=?(3)   42397   491  68.800 10.845   6  -0.019   49.171
92=h25+<,6   42888   492  58.900  6.612   9  -0.283   49.164
7()?+((dh3   43380   491  54.000  5.002   9  -0.122   49.161
8nif/2704,   43871   492  68.900 14.963   6   0.066   49.162
i3-fg=frr:   44363   492  58.900  9.902   9   0.259   49.168
5_65did-='   44855   492  49.300  0.213  10   0.191   49.173
7i5.f4<2n>   45347   491  59.000  6.419   7  -0.102   49.171
EVKLPKOYCE   45838   492  78.700 10.997   6   0.590   49.180
WREHVXCi<4   46330   492  49.100  0.180   9  -0.026   49.179
_.gj>CZnDY   46822   491  58.900  6.517   9  -0.716   49.163
n_A<5=8/0.   47313   492  54.100  4.990   9  -0.315   49.156
')+2n/14=_   47805   491  54.000  4.892   9  -0.481   49.145
,9:d'2g)h4   48296   491  49.200  0.249  10   0.106   49.148
/611h8,f6(   48787   492  59.000  6.584   8   0.179   49.152
d2(.'>G<7.   49279   492  59.000  5.497   7   0.718   49.164
6+fg_=<=_f   49771   491  63.800 14.690   7  -0.056   49.163
<_).2<=g2:   50262   492  58.900  9.791   8  -0.598   49.151
?jf.f,_i80   50754   491  78.700 14.979   3   0.441   49.155
67,6d2f5,:   51245   492  73.700 13.252   9   0.092   49.157
''<=n6+fi.   51737   492  64.000  7.567   8   0.113   49.159
5=j)061n>_   52229   491  59.000  9.779   8  -0.052   49.158
EMREAJBQVO   52720   492  58.900  6.517   8  -0.096   49.156
XCE>PrRYNG   53212   491  54.000  5.002   9  -0.058   49.155
n_GFAKJNA_   53703   491  54.000  4.892   9  -0.249   49.149
PYNrEiY>Xn   54194   492  49.200  0.133   9   0.289   49.156
EYB>RYKLEH   54686   492  49.100  0.233  11   0.130   49.159
QIYQTJQG><   55178   492  58.900  6.519   8   0.005   49.159
j_hh'r6(1(   55670   491  49.100  0.100  10  -0.386   49.150
+..)/0.2=7   56161   491  49.200  0.133  10  -0.116   49.147
2=(f-d1fh9   56652   491  54.000  4.890   9  -0.104   49.144
-7j_=,4_gn   57143   492  54.100  4.880   9   0.397   49.153
5:?_:d0/06   57635   492  49.000  0.000  11  -0.137   49.150
39.r/j,89=   58127   491  49.200  0.133   9   0.049   49.151
81jf43)4f,   58618   492  49.100  0.100  11   0.224   49.157
fd?/7762ri   59110   491  49.100  0.100  10  -0.296   49.149
=),+2)+8f/   59601   492  54.000  4.890   8  -0.158   49.146
h64r1>CN>V   60093   491  54.100  4.992   7   0.077   49.148
CFMHUKFBGI   60584   492  68.900 13.101   9   0.142   49.151
>KD_RHHZBA   61076   491  54.000  4.890   9  -0.326   49.143
rCE<hi:)f.   61567   491  49.100  0.100  10   0.054   49.145
>NE_W<)>rB   62058   491  49.100  0.100  10  -0.354   49.136
U<'8(2?(<)   62549   492  49.100  0.180  10  -0.312   49.128
=8f/'9f<j7   63041   491  49.200  0.133  10   0.121   49.131
r/8.1gn9i6   63532   492  54.100  4.882   9   0.468   49.142
_5n9>UFrWP   64024   492  54.100  4.769   9   0.501   49.153
MrrBLNTPTH   64516   491  59.000  6.501   7  -0.047   49.152
SiPXKKRB><   65007   492  54.000  4.890  10   0.028   49.153
,g,+82>YBB   65499   491  54.000  4.892   9  -0.314   49.146
KZROJFCBO_   65990   491  54.100  4.880   9   0.023   49.146
VXJDKV>CRM   66481   492  63.900 10.480   7  -0.124   49.144
_C_LXriUrX   66973   491  49.100  0.233  10  -0.293   49.137
KGUYHXXB_P   67464   491  49.100  0.233  10  -0.189   49.132
r>MYLHL_ZX   67955   492  54.100  4.992   8   0.244   49.137
TFFnZPODFM   68447   491  54.100  4.880   8   0.174   49.140
EXG><3_-03   68938   492  68.700 10.917   8   0.223   49.145
n/2_13n+6>   69430   491  58.900  6.435   9  -0.048   49.144
BBCMLU<gj:   69921   491  49.100  0.180  10  -0.175   49.139
)=/.n46+.4   70412   492  49.200  0.133  10   0.161   49.143
.=8<=:21:=   70904   492  49.200  0.200  10   0.402   49.153
h,/d8.</3=   71396   491  54.000  4.890   9   0.146   49.157
_g,.h9<=3i   71887   491  58.900  9.901   8  -0.566   49.145
+.'-55h+-9   72378   492  54.100  5.102   9  -0.125   49.143
>_JUV>OIVi   72870   491  49.100  0.100   9   0.168   49.146
NCZIJVA_J<   73361   493  59.100  9.879   8   1.043   49.167
9>IPFWAnHD   73854   491  68.700 10.866   7  -0.259   49.163
RnAQAJXTWD   74345   491  63.800 14.690   7  -0.776   49.149
IiXDMCL_QM   74836   491  59.000  9.780   8  -0.375   49.142
QT_FDLPIiW   75327   492  49.200  0.133  10  -0.241   49.136
CAnEAT>AZF   75819   491  59.000  6.588   8  -0.335   49.129
nTLTBSVBZ_   76310   491  54.000  4.890   9   0.177   49.133
LLGnPIASrG   76801   492  49.200  0.133  10   0.333   49.141
QTTUHOIIr>   77293   491  54.000  4.892   8  -0.154   49.138
iMRAJ<()6j   77784   492  54.100  4.882  10   0.255   49.144
d='-86-8<5   78276   491  68.800 11.759   5   0.056   49.145
13.i31?,?d   78767   492  83.600 13.580   7   0.554   49.155
d9)h02)in>   79259   491  54.100  4.880   8  -0.250   49.150
KYSDBCHYEC   79750   492  54.000  4.890  10   0.156   49.154
DB<?ggj5+<   80242   491  54.000  4.892   9  -0.132   49.151
r?_7r9f=(i   80733   491  49.000  0.211   8  -0.510   49.141
.6/h=_j1(5   81224   492  68.900 10.825   8   0.099   49.143
r8/:0=8?7r   81716   491  59.000  9.780   9   0.080   49.144
.7i8gg)f85   82207   492  68.900  8.896   6  -0.294   49.140
2:17'1<00r   82699   492  59.100  6.651   9   0.557   49.152
'1.r114/78   83191   491  63.800  7.538   7  -0.254   49.148
>A_EiLFniF   83682   491  73.600 15.295   7  -0.801   49.134
DNTZJTUr_Y   84173   491  68.800 15.160   8  -0.487   49.124
>YMr>PWLAB   84664   491  54.000  4.890   9  -0.428   49.115
WTrKTJ<95?   85155   490  58.900  6.519   9  -0.235   49.109
_2-0538:i3   85645   492  63.900 10.428   8   0.122   49.112
gn0d-36>EA   86137   491  49.000  0.000   9  -0.172   49.108
>IR_Gr>nPD   86628   491  59.000  9.891   9   0.073   49.110
EO>RNFLDHV   87119   491  49.100  0.180   9   0.157   49.113
UJL_RnNSDF   87610   492  49.100  0.100  11   0.499   49.127
iRJWiC_M_H   88102   491  54.000  4.892   8   0.152   49.130
B_PKnYSGnT   88593   492  49.100  0.180  11   0.077   49.132
AD_VIJJIJL   89085   491  49.100  0.100  10  -0.067   49.130
TFGZiFEXnS   89576   491  49.100  0.100  10   0.057   49.132
NVBSQYEUNE   90067   491  49.100  0.100  10  -0.127   49.129
QRIPArLYLX   90558   491  49.100  0.100   9  -0.147   49.125
ZOVDBWJi_W   91049   491  59.000  6.584   8  -0.229   49.121
LSI>GODOCE   91540   492  49.100  0.180  11  -0.028   49.120
UBN<grr376   92032   491  59.000  6.584   8  -0.048   49.119
::,22i88?+   92523   491  54.000  5.002   9   0.136   49.122
gj0>nJO>NZ   93014   492  49.200  0.133  10   0.223   49.128
MFJHQFNNBG   93506   491  49.100  0.180  10  -0.105   49.125
EWNT_OPIWn   93997   491  49.100  0.100  10   0.179   49.129
PAYQXAUAMN   94488   492  49.300  0.153   9   0.232   49.135
VXRIU>>XMF   94980   492  54.000  5.000  10   0.617   49.150
ZHUCMRSRZY   95472   492  49.200  0.200  10   0.374   49.159
P<=d30,7.i   95964   491  49.100  0.100  10  -0.274   49.153
/r?i'8g=<?   96455   491  49.000  0.000  10  -0.619   49.137
)5ddg?3::'   96946   491  49.200  0.133  10  -0.196   49.132
,)h=:)0,>T   97437   491  49.100  0.180  10  -0.038   49.131
<904-h(jn6   97928   491  49.100  0.100  10  -0.441   49.120
d)419_-f'0   98419   491  49.200  0.133   9   0.203   49.125
59/8i,0ii4   98910   492  49.100  0.100  11   0.219   49.131
)f04f41f9:   99402   491  49.200  0.133   9   0.128   49.134
=9'/.'0d,-   99893   492  49.100  0.180  11   0.064   49.135
:(3>NJNNTR  100385   491  58.900  6.517   8   0.005   49.135
LWriPL<9)h  100876   492  54.100  4.880   9   0.357   49.144
d7h4,+5<3i  101368   491  54.000  4.890   8   0.087   49.145
)r<,:,r+:i  101859   492  49.100  0.180  11  -0.122   49.142
:,+3d36h.+  102351   491  54.000  5.000   9  -0.090   49.140
2id69g>rRV  102842   491  58.900  6.517   8  -0.398   49.132
<'3_<6d20/  103333   491  54.000  4.890   9  -0.001   49.132
4_n+32,/3i  103824   492  49.200  0.133  10  -0.062   49.130
ri,h_139nh  104316   491  49.100  0.180  10  -0.086   49.128
j,):'r5=',  104807   492  49.200  0.200   9   0.359   49.136
i5g>i<)ii_  105299   491  54.000  4.780  10   0.285   49.143
h+d_>BXRGQ  105790   492  54.200  4.869   8   0.313   49.150
WDQMLTURrJ  106282   492  68.900 15.000   7   0.284   49.155
HYJWRHVVH<  106774   491  59.100  9.657   7   0.420   49.162
35h(f+)>rG  107265   493  54.100  4.992  10   0.520   49.175
KL_E<'j,/+  107758   491  49.100  0.100   9  -0.091   49.173
/,9791<f>Y  108249   492  59.000  6.584   9   0.176   49.177
RT>SnBNHXK  108741   491  49.000  0.211  10  -0.577   49.163
ABYrWMWrGX  109232   491  49.200  0.133  10  -0.831   49.142
SCKTFUCCHL  109723   491  49.100  0.100  10  -0.298   49.134
>EOAnHXESF  110214   491  63.900 10.532   6  -0.144   49.132
AKHCZiEiZN  110705   492  49.100  0.180  11  -0.115   49.129
DLFYRAYiLr  111197   491  49.100  0.180  10   0.142   49.133
EZPPRPWiMC  111688   492  49.200  0.133  10   0.467   49.144
QFBLRiJiYU  112180   491  53.900  4.905   9  -0.602   49.131
YrEUPAQCWX  112671   491  49.100  0.180  10  -0.463   49.119
VKIPWPnNC_  113162   491  64.000  7.567   6   0.429   49.126
CUnXYGEDAD  113653   492  63.800  7.611   9   0.652   49.140
HOnUHCVIKF  114145   492  54.000  4.890   9   0.179   49.144
HTSOFZnUGZ  114637   491  59.000  6.586   9  -0.154   49.141
ZRKBDYGEFU  115128   491  49.100  0.100  10  -0.166   49.137
nFHDVJXEXS  115619   491  58.900  6.519   8  -0.142   49.134
H<=6f<>MMS  116110   492  59.100  6.568   9   0.202   49.138
MZQBTIKErr  116602   491  64.000 10.517   6   0.306   49.143
C<.7fr0,-g  117093   492  49.100  0.100  10   0.316   49.151
_.j5ni/-,_  117585   492  49.000  0.149  11   0.031   49.152
2.?>BE>>LW  118077   491  49.200  0.133  10  -0.254   49.145
CiGNUNVGCP  118568   491  49.100  0.100  10  -0.105   49.143
SKBJnFERYA  119059   491  49.100  0.100  10  -0.210   49.137
SJFXWnXVSH  119550   492  49.200  0.200  10  -0.014   49.137
OFDnGYTiVn  120042   491  49.100  0.100   9   0.196   49.141
AH<.dj.='3  120533   492  49.000  0.149  11  -0.221   49.135
gr'rg:-=8<  121025   490  49.100  0.100  10  -0.579   49.121
->GQPPCKPM  121515   492  49.200  0.133  10   0.155   49.125
AnIZFRSSIT  122007   491  49.100  0.100  10  -0.186   49.120
<-4i?2n=1<  122498   491  49.100  0.100  10  -0.108   49.117
6/)'nj1hr)  122989   491  49.200  0.133   9   0.471   49.128
74j::3<(>K  123480   493  49.200  0.133  11   0.792   49.150
FOQTSAVARJ  123973   491  49.200  0.133   9   0.270   49.156
DOR<.00/-d  124464   492  49.100  0.180  11  -0.081   49.154
7'+d8(==j)  124956   491  49.100  0.100  10  -0.226   49.148
_7>CHVRUAV  125447   492  49.200  0.200  10   0.118   49.151
FOSB_SZVN<  125939   491  49.000  0.000  10  -0.475   49.139
n+.?i1n18<  126430   491  49.200  0.133  10  -0.328   49.131
<2745f,27(  126921   491  49.100  0.100  10   0.140   49.134
?24h3r6>>K  127412   492  49.200  0.200  10   0.050   49.136
GUCTJDVXWG  127904   491  49.200  0.133   9   0.246   49.141
VXD<67((d,  128395   492  49.100  0.100  11   0.197   49.147
><1f_.f2,4  128887   492  49.200  0.133  10   0.122   49.150
8<djnh4f2h  129379   491  49.100  0.100  10  -0.062   49.148
d5:(d7gd7)  129870   491  49.100  0.100  10  -0.493   49.136
-f0n0j(h2(  130361   492  49.100  0.180  10   0.259   49.142
9=4i_/0fd=  130853   491  49.200  0.133  10  -0.244   49.136
),h,(94=:4  131344   491  49.100  0.233  10  -0.137   49.133
(<()8'6>CJ  131835   491  49.100  0.100  10   0.011   49.133
<>FMFRAFLr  132326   491  49.100  0.100  10  -0.444   49.122
IDX>CPNIJY  132817   491  49.100  0.100  10  -0.154   49.118
BFBU<f-?,,  133308   492  49.200  0.133  10   0.216   49.123
70:4+gd989  133800   491  49.000  0.149  10  -0.255   49.117
,7__+jdn?:  134291   491  49.200  0.200  10  -0.110   49.114
i,g)h_4j/,  134782   491  49.200  0.133   9   0.471   49.125
_2i<>AK_>V  135273   492  49.200  0.249  10   0.568   49.139
WRnLWnFO>>  135765   492  49.000  0.211  11   0.163   49.144
WOi<h?ij57  136257   491  49.100  0.233  10  -0.167   49.139
'+8459'-8r  136748   491  49.200  0.133  10   0.015   49.140
1'<2>KSQT<  137239   492  49.100  0.100  10  -0.250   49.133
g(j=j'.82h  137731   491  49.200  0.133  10   0.110   49.136
r(:73'248h  138222   491  49.100  0.180   9   0.014   49.137
+,h(2<:)/,  138713   492  49.100  0.180  11   0.108   49.139
5d.070n+9+  139205   491  49.100  0.180  10  -0.004   49.139
=<.,h5i+'f  139696   492  54.100  4.882   9   0.163   49.143
g-_05:7395  140188   491  49.200  0.133   9   0.158   49.147
4,g3.j1r0?  140679   492  49.300  0.153  10   0.384   49.156
/hr75h,g2>  141171   492  49.100  0.100  11   0.271   49.164
MEYK>NWQB>  141663   492  49.200  0.200  10   0.212   49.169
r<--d,d2f2  142155   491  49.100  0.100   9  -0.301   49.162
'ji(.1(,82  142646   492  54.100  4.882  10  -0.001   49.162
(<60j'i:_?  143138   492  54.000  5.002   9  -0.008   49.162
6,(_n>XCOB  143630   491  49.200  0.200  10  -0.356   49.153
SDEG>CK<d>  144121   491  49.100  0.180  10  -0.079   49.151
WKK_LDSBYJ  144612   492  49.200  0.133  10  -0.193   49.146
EnKLDZrBVC  145104   491  49.100  0.100  10   0.174   49.151
OHWMDIFJKH  145595   492  49.200  0.133  10   0.285   49.158
RSnFKHC_>U  146087   491  49.100  0.180  10  -0.180   49.153
rEInQMZDEX  146578   492  49.200  0.133  10  -0.052   49.152
DUrRABVQnW  147070   491  49.100  0.100  10  -0.213   49.147
HSPPJB<,5<  147561   491  49.100  0.180  10  -0.393   49.137
((>iTWOAJW  148052   492  64.000  7.421   7   0.249   49.141
YSETDTUPIB  148544   491  59.100  5.411   7   0.386   49.148
iH_NnIKK>I  149035   492  53.900  4.900  10  -0.234   49.142
O_nROMVNJQ  149527   491  49.200  0.249  10  -0.025   49.141
</h2jjdgh7  150018   491  49.100  0.100   9  -0.173   49.138
4:,:5di?1:  150509   492  49.100  0.100  11   0.293   49.146
,__+f,?>F>  151001   491  54.000  4.890   9  -0.189   49.141
Q<5fj6->AF  151492   492  49.200  0.133  10  -0.057   49.140
I<,7=?.1g6  151984   491  49.100  0.100   9  -0.037   49.139
0n2.fh2_+?  152475   492  49.100  0.180  11   0.352   49.149
?dr'n'g'/4  152967   492  49.200  0.249  10   0.498   49.161
91>ZRVrVGr  153459   491  54.000  5.004   7  -0.062   49.160
DCGWJFPPOQ  153950   492  63.800  7.539   8  -0.209   49.156
OSKZFZOYPU  154442   491  54.100  4.880  10  -0.249   49.150
irVPLLWLQV  154933   491  61.500  6.597   6  -0.331   49.145
OEZIILDRHG  155424   492  51.500  2.286  10  -0.071   49.143
>NnnK_YiIP  155916   491  54.000  4.892   9  -0.259   49.137
PrE<:691h5  156407   491  54.000  5.002   9  -0.230   49.132
>iIVrJV>WJ  156898   491  54.200  4.980   8  -0.012   49.132
WiFHrEHQIV  157389   492  49.100  0.180  11   0.057   49.133
nQNGFBFJ>K  157881   491  49.200  0.133   9  -0.047   49.132
_AXXRLMQLX  158372   492  49.100  0.100  11   0.456   49.145
D<>OFSZHEi  158864   491  49.100  0.100  10  -0.080   49.143
MATSIADXFG  159355   492  49.200  0.133  10  -0.065   49.141
PGErCET<3f  159847   491  49.100  0.100   9  -0.306   49.134
9.j51gj'1n  160338   491  54.200  4.980   9   0.267   49.140
r++8hg6rdh  160829   492  49.100  0.180  11   0.157   49.145
_41,4?419r  161321   491  49.100  0.100  10   0.024   49.145
:)d5?,n6<r  161812   492  49.200  0.133   9   0.179   49.149
g3'_=05/5<  162304   492  49.100  0.100  11   0.299   49.157
fr+98)6/jg  162796   491  49.100  0.100  10  -0.428   49.147
157,=:_86)  163287   492  54.100  4.990   9   0.411   49.156
n?,-r(1ihf  163779   492  49.100  0.180  10   0.041   49.157
_/,9'>KRKI  164271   491  49.100  0.233  10  -0.520   49.144
nYOJFSZrHE  164762   491  54.000  4.892   9  -0.247   49.139
nMVF_HRPTr  165253   491  49.200  0.133  10  -0.225   49.133
BZ>D<70+5d  165744   491  49.100  0.100  10   0.035   49.134
j94n02gd<_  166235   492  49.200  0.133  10   0.014   49.134
n/f6f1_/j,  166727   491  49.200  0.133   9   0.107   49.136
.686686hdi  167218   492  54.100  4.992  10   0.249   49.143
3r0):?nr,d  167710   491  49.300  0.213   9   0.140   49.146
0/dr5/,5.h  168201   492  54.000  5.000  10   0.162   49.150
>XOKZCPUHM  168693   491  54.000  4.890   8  -0.092   49.148
AXPLEL_ICN  169184   492  49.100  0.100  11   0.195   49.153
MSHADVJrIK  169676   492  49.200  0.133  10   0.130   49.157
<).n7_>PFI  170168   491  49.100  0.100  10  -0.235   49.151
RHAEGOnL>H  170659   492  49.200  0.249  10   0.036   49.152
DLG>QNQYI<  171151   491  49.100  0.100  10  -0.278   49.145
nf52r=70(f  171642   491  49.100  0.100  10  -0.388   49.135
2036i5_6)<  172133   491  49.100  0.180  10   0.138   49.139
:d0i>UM>SS  172624   492  49.100  0.100  10  -0.164   49.134
UCGNSii_BU  173116   491  49.100  0.180  10  -0.107   49.132
nFOBXS>LXS  173607   491  49.200  0.133  10   0.170   49.136
_S>SYOAWHF  174098   492  49.200  0.133  10  -0.037   49.135
nrTZWnVFVP  174590   491  49.100  0.100   9   0.107   49.137
PTOEFXKVMI  175081   492  49.300  0.153  10   0.697   49.155
GVF<d6rnj:  175573   492  49.100  0.100  11   0.132   49.159
+i?6:.24n>  176065   492  49.200  0.133  10   0.086   49.161
AEVnQTTiDJ  176557   491  49.100  0.100  10  -0.316   49.153
JMKBKCRITR  177048   491  49.100  0.100  10  -0.147   49.149
AGWEXZRGB<  177539   492  49.200  0.200  10   0.009   49.149
-/h>T<-4n.  178031   491  49.100  0.100  10   0.008   49.150
>VBBOVEWEP  178522   492  49.200  0.133  10  -0.115   49.147
riBPVHDSOL  179014   491  49.100  0.100  10  -0.172   49.142
JETZJCDFMK  179505   492  49.200  0.133  10   0.345   49.151
_r<-<ing8f  179997   491  49.100  0.100  10  -0.088   49.149
_,-=h5=+0-  180488   492  49.200  0.200  10   0.089   49.151
.i(19,9d9-  180980   491  49.100  0.100  10  -0.025   49.150
=r9'/<-ng4  181471   492  49.200  0.133  10  -0.077   49.149
n3ng+=++3.  181963   491  49.100  0.180  10  -0.306   49.141
9/80+03h4?  182454   491  49.000  0.149  10  -0.329   49.133
.1r_d9'),j  182945   491  49.200  0.133   9   0.195   49.137
?41'f85=.'  183436   492  49.200  0.200  10   0.012   49.137
27?r/(:>GJ  183928   492  49.100  0.100  11   0.568   49.153
BVTIVrFCSL  184420   491  49.100  0.100  10  -0.156   49.149
<'r+,'8=9-  184911   491  49.100  0.100  10  -0.148   49.145
24,n>DHTVD  185402   492  49.200  0.133  10   0.069   49.147
FUViHPLARY  185894   492  49.200  0.200  10   0.341   49.156
WMMIiXiW<-  186386   491  49.100  0.100  10  -0.215   49.150
>TNrOXQX>V  186877   492  49.200  0.133  10   0.408   49.160
TNCZIKB<ir  187369   491  49.100  0.100   9  -0.337   49.153
r?,g2,)-35  187860   492  49.100  0.100  11   0.289   49.161
n9/6<d+jr<  188352   492  49.200  0.133  10  -0.257   49.154
n7,2,:,/:r  188844   491  49.100  0.100  10   0.077   49.156
'd9g/(((',  189335   492  49.200  0.133  10  -0.134   49.153
833d7njj54  189827   491  49.100  0.100  10   0.104   49.156
.(>XQnVWIT  190318   492  49.200  0.133  10  -0.215   49.150
WSM_LURSGE  190810   491  49.100  0.100  10   0.185   49.155
LFPJIOI<=d  191301   492  49.100  0.180  10  -0.253   49.148
.j'dgd?6'.  191793   491  49.200  0.133  10   0.144   49.152
h.h6<74'7i  192284   492  49.100  0.100  10  -0.198   49.147
':0)'>MRDF  192776   491  49.200  0.200  10   0.005   49.147
ZZBHrVUYFH  193267   491  49.100  0.100   9  -0.093   49.145
r_iTFU_YPR  193758   492  49.000  0.211  11  -0.204   49.140
VEV>>r>DKY  194250   491  49.200  0.200  10   0.099   49.142
JIKDLPMIMi  194741   492  49.200  0.200  10   0.208   49.147
X<?0//f_80  195233   491  49.100  0.100   9   0.069   49.149
68j=,r(.i'  195724   492  49.300  0.213  10   0.533   49.162
'fj,4d)74?  196216   492  49.200  0.133  10   0.355   49.171
f)2.=5=02(  196708   492  49.100  0.100  11   0.058   49.173
+i'(/=g',(  197200   492  49.200  0.133  10  -0.076   49.171
f)-?)9)j:>  197692   492  49.100  0.180  10  -0.063   49.169
nHABAYGOTA  198184   491  49.100  0.180  10  -0.326   49.161
GHUN__TPOP  198675   491  49.200  0.200  10  -0.217   49.156
iA<:=d8g/3  199166   492  49.100  0.100  10  -0.226   49.150
ji1+9d/rd/  199658   491  49.200  0.133  10   0.133   49.153
jj=rd-/2n3  200149   492  49.100  0.100  10  -0.156   49.149
j'<9_10>PC  200641   491  54.100  4.990   8   0.253   49.154
nUBiUWMCOC  201132   492  49.300  0.153  10   0.439   49.165
KSJRQMRiVV  201624   492  49.100  0.180  11   0.206   49.171
IVJBIEBCQK  202116   491  49.100  0.100  10  -0.577   49.157
nnSITHnnWi  202607   492  49.200  0.133  10   0.068   49.158
FBXNGFZrWW  203099   492  49.200  0.133  10   0.169   49.162
JUXP_SGOMM  203591   491  49.100  0.100  10  -0.132   49.159
YBHM<3<(jh  204082   491  49.100  0.100   9  -0.515   49.148
fdr03>ZORU  204573   492  54.100  4.880  10   0.103   49.150
QXrHHNDCZZ  205065   491  49.100  0.100  10  -0.248   49.144
GVHCOnPGYX  205556   491  49.100  0.233  10  -0.327   49.136
>Li<'g102(  206047   491  49.100  0.100  10  -0.055   49.134
:j'2grd.+)  206538   491  49.100  0.100  10  -0.326   49.126
6j.18+?i'9  207029   492  49.200  0.200  10  -0.014   49.126
?i?6('(<9d  207521   491  54.000  4.890   9  -0.172   49.122
0j:_'4i8n,  208012   491  49.100  0.100  10  -0.072   49.120
(.9j(hij)/  208503   491  49.100  0.100  10  -0.013   49.120
=r2<.'_f_d  208994   491  49.100  0.100   9   0.157   49.123
.j19?1<2h>  209485   492  49.100  0.100  11   0.120   49.127
Z>rTFnAInR  209977   491  49.200  0.133   9   0.309   49.134
PQFBEHnrGD  210468   492  49.000  0.149  11  -0.079   49.131
H<(=n+j90'  210960   491  49.200  0.200  10  -0.024   49.131
2hr<2hg<nd  211451   491  49.100  0.100  10   0.058   49.132
rj1?'9n>JA  211942   492  49.200  0.133  10   0.040   49.133
VOLQYFSQCN  212434   491  49.100  0.100   9   0.264   49.139
LFiISGNOWW  212925   492  49.100  0.180  11   0.142   49.143
COUrJ<g=h'  213417   491  49.100  0.180  10  -0.263   49.137
9>QWiVCJUP  213908   491  49.100  0.100  10  -0.161   49.133
A>iFiGQBQY  214399   491  49.100  0.180  10  -0.328   49.124
VNYJZQRNXJ  214890   492  49.200  0.133  10   0.337   49.133
PPL<6?/1h=  215382   491  49.000  0.000  10  -0.386   49.123
hr<3/?h9:3  215873   491  49.100  0.100  10  -0.328   49.115
.f6'/8/9-f  216364   491  54.100  4.880   8   0.304   49.121
1n1dj6_430  216855   491  54.000  5.000   9   0.220   49.126
g=+'7+1.6(  217346   492  49.100  0.100  11   0.347   49.136
/3+n9.j>nW  217838   491  49.100  0.100   9  -0.023   49.135
GXQXEZFQQG  218329   492  49.100  0.180  11   0.012   49.135
X>OrBZVXiY  218821   491  49.100  0.100  10   0.133   49.139
<<g?14f./r  219312   492  54.100  4.992   9   0.084   49.141
45?j+325'd  219804   491  49.100  0.100  10  -0.034   49.140
ifr6=/ini9  220295   491  49.100  0.100  10  -0.109   49.137
72g,+1)8ni  220786   492  49.200  0.133  10  -0.138   49.134
,r,'+:5(i<  221278   491  49.100  0.100  10  -0.139   49.130
<)_n)>MiDX  221769   491  49.100  0.180  10  -0.030   49.129
DLHBUMOFEH  222260   491  58.900  9.901   7  -0.041   49.129
FJFVCSMJnM  222751   492  49.100  0.100  11   0.145   49.133
PXiUUn_Y<i  223243   491  49.100  0.100  10  -0.033   49.132
)gr6hr<5?)  223734   492  49.200  0.133  10   0.420   49.142
,0+f:69hgf  224226   492  54.100  4.990   9   0.259   49.148
:->EKGS_RG  224718   491  58.800  6.533   8  -0.405   49.140
VR>S><f)_)  225209   491  49.200  0.133  10  -0.449   49.129
8).78d>>ZS  225700   491  49.100  0.233  10   0.087   49.131
UC<?+83_'(  226191   491  49.100  0.100  10   0.048   49.132
(f4gi7=(j)  226682   492  54.100  4.880   9   0.275   49.138
7i_-2-n5i?  227174   492  59.000  6.584   8   0.423   49.147
gh79=rjj/<  227666   491  54.000  4.890   8   0.144   49.150
.><+nd_857  228157   492  54.100  4.882  10   0.035   49.151
?i<nr9grgf  228649   491  59.000  6.584   8   0.043   49.151
5h/3>DCMFX  229140   492  49.200  0.133  10   0.061   49.153
YBiii>MQKK  229632   492  64.100  7.545   6   0.621   49.162
CLXHXiTUTM  230124   492  56.500  5.241   8   0.898   49.180
XILTERnROZ  230616   492  56.500  7.390  10  -0.320   49.172
XFWBUMTQiP  231108   491  58.400  5.095   5  -0.770   49.163
iiiiADrY>>  231599   491  63.900  7.559   9  -0.206   49.158
iOIrLIn>NX  232090   492  49.200  0.133  10   0.218   49.163
VPRFDP<_8+  232582   492  49.100  0.100  10  -0.244   49.157
g4f0njn10>  233074   491  49.100  0.100  10  -0.457   49.146
W_<i.h84:d  233565   491  49.200  0.133  10   0.167   49.150
8.9+1'd74:  234056   492  49.200  0.133   9   0.122   49.153
1+rhi2//?(  234548   492  54.100  4.880  10   0.203   49.158
?d9,.i+.->  235040   492  49.200  0.200   9   0.175   49.162
BVB<n)98r+  235532   491  58.900  6.600   9   0.118   49.164
3j6683',?>  236023   492  49.200  0.133  10  -0.165   49.160
<1dfi,5>HI  236515   491  54.000  4.890   9  -0.071   49.159
VIZYGDEDBT  237006   491  49.100  0.100  10  -0.330   49.150
EJMEOPSOGT  237497   492  49.200  0.133  10  -0.031   49.150
nnrr><)j_(  237989   491  49.100  0.100  10  -0.212   49.144
ff<6:r/,=?  238480   492  49.200  0.133  10   0.204   49.149
r2j')_:<13  238972   491  49.100  0.100  10  -0.047   49.148
8=+'3r-(>W  239463   492  49.200  0.133  10   0.137   49.152
MNVHn>DIiM  239955   491  49.100  0.180  10  -0.152   49.148
DZT>MCCIGN  240446   492  49.200  0.133  10   0.118   49.151
nFHAMRWRE>  240938   492  49.200  0.133  10   0.439   49.162
_riXJSMKED  241430   492  49.200  0.133  10   0.192   49.167
ST>PEEX>UM  241922   491  49.300  0.213   9   0.130   49.170
MUUriWn>YI  242413   492  49.100  0.180  11  -0.149   49.165
WINi>JNCQO  242905   491  54.100  4.882   9  -0.197   49.161
WnCWPiKYVF  243396   492  59.000  6.501   9  -0.297   49.154
DSIrDAIRTE  243888   491  49.100  0.100  10  -0.200   49.149
JUXEFTBVGD  244379   492  49.200  0.133  10   0.166   49.153
ZTGRTOiMVP  244871   491  49.100  0.180   9  -0.055   49.152
Z<g90r<22n  245362   492  49.100  0.100  11   0.263   49.159
/i-9_)<n:h  245854   491  49.100  0.100  10  -0.297   49.152
/55,g?3?40  246345   492  49.200  0.133  10   0.100   49.155
)(3j>PCOGO  246837   492  49.100  0.180  10   0.040   49.156
Z<<'d<>SPY  247329   491  49.200  0.133  10   0.121   49.159
IVGKYiSKTD  247820   492  49.200  0.133  10   0.211   49.164
EK_KJHRDIU  248312   492  49.100  0.100  10  -0.137   49.160
>LYXXiTFAO  248804   491  49.200  0.133  10  -0.207   49.155
QUIn<9?rr?  249295   491  49.100  0.100  10  -0.019   49.155
983?r4'nhr  249786   492  49.200  0.133   9   0.148   49.158
-17g.d'182  250278   492  49.300  0.153  10   0.585   49.173
38,h569.46  250770   492  49.100  0.100  11   0.153   49.177
r+-3=+5+hi  251262   492  49.200  0.200  10  -0.186   49.172
++:(>HDEY<  251754   491  49.100  0.100  10  -0.196   49.167
37j?4=8g?=  252245   492  49.200  0.133  10   0.158   49.171
=i09./40g:  252737   492  49.200  0.133   9   0.178   49.175
6d1_g?95=h  253229   492  49.100  0.100  11   0.140   49.179
_377:=5j88  253721   492  49.200  0.133  10   0.227   49.185
=?rr+/(+0.  254213   492  49.100  0.100  10  -0.233   49.179
)0'n5d>_FW  254705   491  49.200  0.200  10  -0.213   49.174
BCKBN>FnMQ  255196   492  49.100  0.180  10  -0.155   49.170
BBOTOJrLX>  255688   491  49.200  0.133  10  -0.128   49.167
IZIIGEUJJC  256179   492  49.100  0.100  10  -0.376   49.157
rWCVAGBTSM  256671   491  49.200  0.200  10  -0.079   49.155
UGE>AZNDA<  257162   491  49.100  0.100  10  -0.158   49.151
j9>VQUZWS_  257653   492  49.200  0.133  10   0.107   49.154
VQPHZLIYSH  258145   492  49.200  0.133   9   0.409   49.163
MBJBG<>Jrn  258637   492  49.100  0.100  11   0.227   49.169
iL<>_RTDDV  259129   492  49.200  0.200  10   0.252   49.176
AJLHFMrUQN  259621   491  54.000  5.000   9  -0.234   49.170
RIZYrZDn>r  260112   492  49.100  0.180  10  -0.417   49.160
A>GE>IXTFA  260604   491  49.200  0.133  10  -0.031   49.159
<))=32-5<'  261095   492  49.100  0.233  10  -0.202   49.154
'/,j8?-</1  261587   491  49.200  0.133  10  -0.101   49.152
,1nn,:h=g8  262078   491  49.100  0.100  10  -0.169   49.147
'_53i:j5g0  262569   492  49.200  0.133  10   0.363   49.157
3>YXAUIFUZ  263061   492  49.100  0.100  10  -0.278   49.150
U>HiWFHrXM  263553   491  54.100  4.880   9   0.029   49.150
WBZVYVCSDG  264044   491  49.100  0.180  10  -0.071   49.149
UJQSFBIMAi  264535   492  49.200  0.133  10   0.224   49.154
iSHAr<00>>  265027   492  49.100  0.100  10  -0.181   49.150
iNWQHUMBK>  265519   491  49.200  0.133   9   0.360   49.158
YIiRIP>WQR  266010   492  49.000  0.000  11  -0.226   49.151
X<10_f44rg  266502   491  49.200  0.200  10  -0.119   49.148
6f,8h_5g'>  266993   492  63.900  7.587   6   0.398   49.154
LKNXFO_FrG  267485   492  59.000  6.584   9   0.341   49.162
NXHKXi<9:i  267977   491  49.100  0.180   9   0.007   49.162
dfi,6=j>DB  268468   492  49.100  0.100  11  -0.117   49.159
RHDOrH_NFI  268960   491  49.100  0.180  10  -0.216   49.154
NMOGOUr_NS  269451   491  49.100  0.233  10  -0.276   49.147
VPPLKTFnFF  269942   492  49.200  0.133  10   0.039   49.148
Q_TFPn>HEi  270434   491  49.100  0.180   9  -0.012   49.147
QTDA_rHT>S  270925   492  49.100  0.180  11   0.043   49.149
KMZAP>MG_H  271417   491  49.100  0.100  10  -0.224   49.143
PHUXJXOMHW  271908   491  54.000  4.780   9  -0.135   49.140
>Bn_MR>>QH  272399   492  49.100  0.100  10  -0.324   49.132
WrZIOGKDUX  272891   491  49.200  0.200  10   0.129   49.135
CUNQBKCHOJ  273382   492  49.200  0.133  10   0.343   49.144
FMVCY<'h,f  273874   491  49.100  0.180  10   0.127   49.147
inh85)d3fd  274365   492  49.200  0.133  10   0.225   49.153
<i>S<:4-:f  274857   492  49.200  0.200  10   0.200   49.158
2d(n<,93r.  275349   491  49.100  0.100  10  -0.326   49.149
r?j8_,3003  275840   491  49.100  0.100   9  -0.069   49.148
=97,6f5d<-  276331   492  49.100  0.180  11   0.024   49.148
5'14>TZ_UK  276823   491  49.100  0.100  10  -0.173   49.144
KGZnnABGSr  277314   492  49.200  0.200  10   0.065   49.146
SBBRYGDEnZ  277806   491  49.300  0.153   9   0.084   49.148
ORIZHIR>UI  278297   492  49.100  0.100  11   0.182   49.153
IQ<)>EnBRZ  278789   491  49.100  0.180  10  -0.363   49.144
N>VJS<,.7)  279280   492  49.200  0.200  10   0.024   49.144
,.3g-6di-3  279772   491  54.100  4.990   9   0.038   49.145
'9)9j.4325  280263   492  54.100  4.880   7   0.604   49.156
g,93>WKP<0  280755   492  59.000  6.586  10   0.330   49.164
(i64?,3rn7  281247   492  65.800  7.335   5   0.032   49.164
.4./g8,j14  281739   491  68.800 10.081   7  -0.267   49.160
4n'5(0,r0/  282230   491  49.100  0.180  10  -0.204   49.155
+i20r.<>VL  282721   492  68.900 10.925   5   0.237   49.157
WAiiS>WrRN  283213   492  59.000  6.584   9   0.041   49.158
rZTGSSrrRi  283705   490  49.000  0.149  10  -0.673   49.142
SCWOPrMZNn  284195   492  54.100  4.880   9  -0.210   49.137
PNiVXWVVQ_  284687   491  68.800 13.117   6   0.137   49.139
OYrMWIECGY  285178   492  49.200  0.133  10   0.188   49.144
rOWYFCPZQY  285670   491  54.000  5.000   9   0.037   49.144
nK>C_WOAN_  286161   492  54.100  4.992   9   0.224   49.149
<r/)f?14d9  286653   491  58.900  6.600   8   0.034   49.150
89fn1-4+6?  287144   492  49.300  0.153   9   0.537   49.162
?<=>>iiiii  287636   492  54.000  5.000   9   0.155   49.166
iiiiiiiiOi  288128   492  54.700  5.264   7   0.198   49.169
