iiiiiiiMYS     626   615  61.300  0.213   9  -0.955   61.479
UPPMIAIEEP    1241   612  61.200  0.200  10  -2.097   61.426
MGMDiIUTFJ    1853   612  61.200  0.133  10  -2.069   61.374
VPJBVGQF>E    2465   612  61.200  0.133  10  -1.833   61.329
DZSCL>FLJC    3077   612  61.300  0.153  10  -0.944   61.305
<,jn>_BBDR    3689   612  61.300  0.153  10  -0.633   61.289
_CHBnDrIZT    4301   613  61.200  0.133  10  -0.441   61.278
ZrG<-h:>Pr    4914   613  61.400  0.163  10   0.188   61.283
BWHEIMFrQR    5527   612  61.200  0.200  10  -0.009   61.283
UBT<:)'9<1    6139   613  61.300  0.153  10  -0.301   61.275
f.r8>_ITRF    6752   613  61.300  0.153  10  -0.073   61.273
KLJVLZNCEE    7365   613  61.300  0.153  10   0.261   61.280
TEJFWSNMY>    7978   612  61.200  0.133   9   0.048   61.281
WQnERTIiiU    8590   613  61.200  0.200  11   0.041   61.282
BB>OZ_WJUr    9203   613  61.300  0.153  10  -0.077   61.280
VLiLPHZKFT    9816   612  61.200  0.200  10  -0.501   61.268
<g5:()gd_<   10428   613  61.300  0.153  10  -0.191   61.263
//)72/(j5(   11041   613  61.300  0.153   9   0.378   61.271
2rf4:4>_MY   11654   613  61.200  0.133  11   0.710   61.291
rVAAHOZWJA   12267   613  61.300  0.153  10  -0.086   61.289
TArSrLOGJ>   12880   613  61.200  0.133  10  -0.396   61.279
VGTULKPEWF   13493   612  61.300  0.153  10  -0.471   61.267
iAYVIZM<ni   14105   612  61.200  0.200  10  -0.238   61.261
d48dj'n)+6   14717   613  61.300  0.153  10   0.155   61.265
633.5r7_1/   15330   613  61.300  0.153  10   0.120   61.268
,j/g<6025>   15943   613  61.200  0.200  10  -0.011   61.268
IA<1):nhgh   16556   612  67.400  6.068   8   0.304   61.274
(../r.41:g   17168   613  61.200  0.133  11   0.146   61.278
4-9h6?>CKi   17781   613  61.300  0.213  10  -0.023   61.277
ANWAFNQXYS   18394   613  61.300  0.153  10  -0.113   61.274
CnOiU>HHRK   19007   612  61.300  0.153   9  -0.036   61.273
UC>CRY>ZCG   19619   614  61.300  0.153  11   0.722   61.293
_N>WIJO<i,   20233   613  61.300  0.213   9   0.274   61.299
'i1h(21h'+   20846   614  61.300  0.153  11   0.248   61.306
-3rr,)74g4   21460   612  61.200  0.200  10  -0.317   61.298
<?i2-:?5?6   22072   613  61.300  0.213  10  -0.369   61.289
f>Trr>ENBi   22685   613  61.300  0.153  10   0.366   61.298
GU<498i6>n   23298   613  61.300  0.153   9   0.251   61.304
P>QTRCYGAB   23911   614  61.300  0.153  11   0.144   61.308
MOrWN_TYPH   24525   613  61.300  0.153  10   0.033   61.309
BRDnZErX_B   25138   613  61.300  0.153  10   0.202   61.314
ILNQrG<7f<   25751   613  61.300  0.153  10  -0.013   61.313
7d1_n8rn?.   26364   613  61.300  0.153  10  -0.117   61.311
=8g)i0/-d4   26977   613  61.300  0.213  10  -0.414   61.300
h62914(<=3   27590   613  61.300  0.153  10   0.013   61.300
0i<9:0f+r<   28203   613  61.300  0.153   9   0.043   61.301
<6'85+1.i=   28816   613  61.200  0.133  11   0.304   61.310
i->QU>KMiN   29429   613  61.300  0.153  10  -0.058   61.308
CVFEIKTWWX   30042   613  61.200  0.133  10  -0.525   61.295
FY>FVNWOWU   30655   613  61.400  0.163  10   0.136   61.299
V_PZLMiAGB   31268   613  61.300  0.153   9   0.363   61.307
>ViAViPNV_   31881   614  61.300  0.213  11   0.146   61.311
CYZCrUVNCr   32495   612  61.400  0.221   9  -0.173   61.307
JFLnGnrKIO   33107   614  61.300  0.153  11   0.164   61.311
SXNiSBIWLi   33721   613  61.300  0.153   9   0.036   61.312
ALAYL>LIrW   34334   613  61.200  0.133  11   0.062   61.314
CnQHDVQBGU   34947   613  61.300  0.153  10  -0.269   61.307
DrOnGniFKL   35560   613  61.300  0.153   9   0.385   61.316
JJZrHNZDFP   36173   614  61.300  0.153  11   0.427   61.328
JQDnUrNDZZ   36787   613  61.300  0.213  10  -0.033   61.327
OTEZEBO_Oi   37400   613  61.400  0.163   9  -0.306   61.320
ErJKHISYOX   38013   614  61.300  0.153  11   0.026   61.321
</(4n.675d   38627   613  61.300  0.213  10   0.514   61.333
_f-9-rg_(_   39240   614  61.300  0.260   9   0.443   61.343
gr/(nf<,j/   39854   614  61.300  0.153  11   0.285   61.351
-27d<g3?'(   40468   613  61.300  0.153  10  -0.285   61.344
f:297=9(,.   41081   613  61.300  0.153  10  -0.539   61.331
816920-//_   41694   613  61.300  0.213  10  -0.023   61.330
38g9:3?+70   42307   613  61.300  0.153  10  -0.234   61.324
.(+1h43,if   42920   613  61.300  0.153  10  -0.035   61.323
1-gh5,9?h/   43533   613  61.300  0.153  10  -0.278   61.316
h(761=(d>U   44146   614  61.400  0.163   9   0.568   61.329
YEIrSPBYVi   44760   614  61.500  0.167  10   0.724   61.347
VOKKAFOX_Y   45374   614  61.200  0.133  11   0.410   61.359
XKHVNCQKQE   45988   613  61.200  0.200  10  -0.765   61.339
GXDPB</j8?   46601   613  61.400  0.221  10  -0.134   61.336
r?=,h')6i(   47214   613  61.300  0.260  10  -0.286   61.329
:_51gn<g9,   47827   613  61.300  0.153  10  -0.241   61.323
.84=n0fr/3   48440   613  61.300  0.153  10  -0.416   61.313
,'/9:+_r'-   49053   613  61.300  0.260  10  -0.053   61.311
jdg++g0n'g   49666   613  61.300  0.153  10  -0.031   61.310
j<4<f>GVHK   50279   614  61.400  0.163  10   0.255   61.317
BJnCAHC</1   50893   613  61.300  0.213  10  -0.061   61.315
(fn32f4-j9   51506   613  61.300  0.153  10   0.016   61.316
?,n?:-=d?6   52119   613  61.300  0.153  10  -0.030   61.315
rd0=50.h2d   52732   614  61.400  0.163  10   0.566   61.329
n4.r<dg(8,   53346   613  61.300  0.153  10   0.064   61.331
2n,:=1/<)>   53959   613  61.300  0.153  10  -0.142   61.327
TREMCUAV>R   54572   613  61.200  0.200   9  -0.283   61.321
XFIVXC<4r/   55185   614  61.300  0.213  11   0.276   61.328
82hf_3?_8(   55799   613  61.300  0.153  10   0.092   61.331
,(,6<5?gi-   56412   613  61.300  0.153  10  -0.368   61.321
:=4j5n>iO<   57025   613  61.300  0.153  10  -0.525   61.308
'7'0=91:8h   57638   613  67.500  6.168   8   0.097   61.310
7?f08</4('   58251   614  61.200  0.291  11   0.416   61.322
dr5_n.+<_j   58865   612  61.300  0.153  10  -0.372   61.312
70_dr/?h4)   59477   613  61.300  0.153  10  -0.394   61.303
.3/)h)d/35   60090   613  61.300  0.153  10   0.103   61.305
16rff41h5/   60703   613  61.300  0.153  10   0.064   61.307
3n)-h+/f60   61316   613  61.300  0.213  10  -0.112   61.304
++3>JVONUK   61929   613  61.300  0.153  10  -0.069   61.302
GFiBEZ<hn1   62542   613  67.400  6.068   9  -0.284   61.296
6.idg.8i08   63155   613  61.300  0.213  10  -0.043   61.295
0,8',=>CSH   63768   613  61.300  0.153  10  -0.194   61.290
BVF<n-=9<3   64381   612  61.300  0.213   9  -0.074   61.288
(32/?)6-9:   64993   614  61.300  0.153  10   0.202   61.293
gf50/?f-(f   65607   613  61.500  0.224  10   0.813   61.314
6h6+(3<+7/   66220   614  61.200  0.133  11   0.198   61.319
d1f0j-=h:h   66834   613  61.400  0.163  10  -0.221   61.313
7d.?14),08   67447   613  61.300  0.153  10   0.012   61.314
8j565g'(>Z   68060   613  61.300  0.153  10   0.206   61.319
DEHO>ZJZPY   68673   614  61.400  0.163  10   0.273   61.326
WYYJPBOnEI   69287   613  67.400  5.958   9   0.415   61.335
EiPInFNCiN   69900   614  61.400  0.163  10   0.155   61.339
>FBS<hrgr8   70514   613  61.300  0.153  10  -0.188   61.334
?nir/n3'?r   71127   613  61.300  0.153  10  -0.503   61.322
?j._4n1.?4   71740   613  61.200  0.133  10  -0.344   61.313
n8n:+15/4+   72353   613  61.400  0.163  10  -0.022   61.313
g=9.97'(=f   72966   613  61.300  0.213  10  -0.026   61.312
-g_0:0ifi7   73579   613  61.400  0.163   9   0.268   61.318
_f67-0_)j4   74192   614  61.400  0.221  10   0.292   61.325
1f-)+'fd4j   74806   613  61.200  0.133  11  -0.004   61.325
j.d'f93d?<   75419   613  61.300  0.153  10  -0.483   61.313
r'>IPTJNMQ   76032   613  61.300  0.153  10   0.113   61.316
WnRGWCP_Oi   76645   613  61.300  0.153  10   0.033   61.317
ZSnZIXT<(2   77258   613  61.300  0.153  10  -0.209   61.311
'>PIECYPJS   77871   613  61.400  0.163   9   0.155   61.315
HKYATIOJPO   78484   613  61.200  0.133  11  -0.165   61.310
X_JiNWFLMH   79097   613  61.300  0.153  10  -0.243   61.304
QBiRK_nXI<   79710   614  67.400  5.959   9   0.341   61.312
>V_OENBBZY   80324   613  61.400  0.163  10  -0.116   61.309
CTTD_AENWG   80937   613  61.300  0.153  10  -0.061   61.308
TURNWZ<7'/   81550   613  61.300  0.153  10   0.129   61.311
6)+)(-g).+   82163   613  61.200  0.133  10  -0.172   61.306
>T_LLMA_MX   82776   613  61.400  0.163  10  -0.065   61.305
CDKinNFCCV   83389   613  61.400  0.163   9   0.695   61.321
IS<8,3(r/h   84002   614  61.200  0.133  11   0.417   61.332
0'6,_2045f   84616   613  61.300  0.153  10  -0.227   61.326
j011/(_5gh   85229   613  61.300  0.153  10  -0.400   61.316
_j(39(0+?:   85842   613  61.300  0.153  10  -0.262   61.310
)i>MQP>_AM   86455   612  61.100  0.233  10  -0.922   61.287
JKHI>FQBIJ   87067   613  61.400  0.163  10   0.037   61.288
SUZ_MYQEW_   87680   613  61.300  0.153   9   0.243   61.293
RRnXXFPGWP   88293   613  61.300  0.153  10   0.260   61.300
D<jg/16j>Q   88906   613  61.200  0.133  11   0.152   61.304
YNOVMGrXHN   89519   614  61.400  0.163  10   0.191   61.309
E__WIiSDB<   90133   613  61.300  0.153  10   0.121   61.312
1<0>FFAUrr   90746   613  61.300  0.153   9   0.107   61.314
CGXEIJDZBA   91359   614  67.500  6.281  10   0.549   61.328
MPXH>WWXrE   91973   613  67.300  6.081   9  -0.271   61.322
IESDTR>>KZ   92586   612  61.300  0.153  10  -0.636   61.306
LFPW_Z<)j4   93198   613  61.300  0.153  10  -0.184   61.301
2/9'0/9=d_   93811   613  61.300  0.153  10   0.002   61.301
?,g'2jhgr6   94424   613  61.300  0.153  10   0.006   61.301
jin(d25f6/   95037   613  61.300  0.213  10  -0.319   61.293
6nhg'95--9   95650   613  61.400  0.163   9   0.275   61.300
?>RFB>WnLZ   96263   614  61.300  0.153  11   0.363   61.309
_RNO<.0+3_   96877   613  61.300  0.153  10   0.176   61.314
5(d,4'_nfn   97490   613  61.300  0.153   9   0.234   61.319
,-d=?.<4/4   98103   614  61.300  0.153  11   0.152   61.323
:4j4_hg54)   98717   613  61.300  0.213  10  -0.076   61.321
>BTTnPF<6:   99330   613  61.200  0.249  10  -0.181   61.317
>WHIiFiV>Q   99943   613  73.600  7.991   8   0.038   61.318
WViBPN_QS<  100556   613  73.500  7.838   8   0.233   61.322
r-:_'>_DKT  101169   614  61.300  0.153  11   0.430   61.334
PQRDFiPRBZ  101783   613  61.200  0.133  10  -0.486   61.322
FiLSREETCO  102396   613  67.500  6.058   9   0.106   61.324
FZAiD>PiLI  103009   613  73.500  8.085   9  -0.197   61.320
iLVRUWUUKQ  103622   614  61.400  0.163  10   0.062   61.322
ANSZDDNLVR  104236   613  61.300  0.153  10  -0.030   61.321
_YWDVEQSrV  104849   613  61.300  0.153  10  -0.033   61.320
EF<i1=4r/4  105462   613  61.200  0.249   9  -0.067   61.318
86,0/2,<-.  106075   614  61.300  0.153  11   0.444   61.331
(5(/80,8g_  106689   613  61.300  0.153   9   0.208   61.335
j4-:ri_6()  107302   614  61.300  0.153  11   0.082   61.338
r,-df.<(5i  107916   613  61.300  0.153  10  -0.025   61.337
505543(ni,  108529   614  61.400  0.163  10   0.276   61.344
7d8,)rj(d4  109143   613  61.300  0.153  10  -0.257   61.337
?:'/=52rn/  109756   613  61.400  0.221   9  -0.018   61.337
5./6(1_7n(  110369   614  61.400  0.163  10   0.353   61.346
i9<748hdnr  110983   614  61.400  0.221  10   0.452   61.357
265/1_fh'/  111597   614  61.200  0.200  11   0.076   61.359
,>Q<5iid28  112211   613  61.400  0.221  10  -0.470   61.348
hff'1)-d>J  112824   613  61.300  0.153  10  -0.298   61.340
>_VU<3i:.,  113437   613  67.500  6.058   9  -0.368   61.332
:)2f=1:(.=  114050   613  61.200  0.133  10  -0.293   61.324
>nT_ISY<'=  114663   613  61.400  0.163  10   0.069   61.326
d<d9<,-:f/  115276   614  61.300  0.153  10  -0.010   61.326
=):ggj>iVn  115890   613  61.400  0.163   9   0.581   61.339
L>WnHVJrAS  116503   614  61.300  0.213  11   0.120   61.342
BUTUPQYAKA  117117   613  61.300  0.153  10  -0.077   61.340
VTnFGLMLY_  117730   614  61.400  0.163  10   0.060   61.342
ELCUHE_>PO  118344   613  61.400  0.163   9   0.355   61.350
BIJn__<g'd  118957   614  61.300  0.153  10   0.271   61.357
hi9./+..(h  119571   614  61.300  0.153  11  -0.022   61.356
d3<3=4(<?<  120185   613  61.200  0.133  10  -0.612   61.341
3<2jji<?04  120798   613  61.300  0.153  10  -0.552   61.327
,11fj)2i9r  121411   613  61.400  0.221  10  -0.214   61.322
4nf:4f)./8  122024   613  61.300  0.153  10   0.225   61.327
9:<785n'0'  122637   613  61.300  0.153  10   0.010   61.328
0/9-8-d,92  123250   614  61.400  0.163  10   0.167   61.332
.2-nd3?34>  123864   613  61.300  0.213  10  -0.230   61.326
LiBDPQTFBF  124477   613  61.300  0.153   9   0.204   61.331
NKAVILSNGA  125090   614  61.400  0.163  10   0.571   61.345
WVOJV_TJPA  125704   614  61.300  0.213  11   0.212   61.351
XOBZTF<79n  126318   613  61.300  0.213   9  -0.107   61.348
0(h.'54<8>  126931   614  61.200  0.133  11  -0.084   61.346
VZEQLNHBFJ  127545   613  61.400  0.163  10  -0.121   61.343
>TH_HCP_GQ  128158   613  61.300  0.213  10  -0.290   61.336
ABDCZZPCIG  128771   614  61.400  0.163  10   0.134   61.339
HVYrEUGXO>  129385   613  61.200  0.133  10  -0.191   61.334
QCGQA>BR<>  129998   613  61.400  0.163  10  -0.023   61.334
HH>WFIEGUD  130611   613  61.300  0.153  10  -0.118   61.331
LCYIrnBirE  131224   614  61.400  0.163  10   0.363   61.340
LFViEQKRnA  131838   614  67.600  6.158   8   0.272   61.345
rIIX_VWQSA  132452   613  79.700  9.377   8   0.029   61.346
LZJLrPnGHD  133065   613  61.300  0.213  10  -0.235   61.340
J_NFEiHrHM  133678   614  61.300  0.153  10  -0.108   61.337
IRTWT>XPNL  134292   613  61.300  0.213  10  -0.092   61.335
<97n8'4?i(  134905   613  61.400  0.163  10  -0.200   61.330
i2jjfn?_h_  135518   614  67.400  6.181   9   0.415   61.339
_,'=.4i>On  136132   614  67.400  6.402   9   0.300   61.346
LnCGSZiWBC  136746   613  61.400  0.163  10  -0.190   61.341
iHUYUURGYJ  137359   613  61.300  0.153  10  -0.323   61.333
XHLHKnnnDC  137972   613  61.400  0.163   9   0.075   61.335
niNQ>AKZVY  138585   614  67.400  6.179  10   0.046   61.336
nFYLKriBYH  139199   613  61.400  0.221  10   0.142   61.340
CYLNACGLKn  139812   613  61.300  0.213  10  -0.385   61.330
>UGVEHIYN>  140425   613  61.300  0.153  10   0.022   61.331
ZJCKOZnUJG  141038   614  61.400  0.163  10  -0.035   61.330
ZQTGDGBi>P  141652   613  61.300  0.153  10  -0.126   61.326
RnHHUQFMYB  142265   613  61.500  0.167   9   0.356   61.334
ArWGrX>BC<  142878   614  61.300  0.153  11   0.034   61.335
=(1?i'?,n(  143492   613  61.300  0.153   9   0.256   61.341
=gr:r<-01<  144105   614  61.300  0.153  11   0.299   61.349
+>XQFinYXF  144719   614  61.300  0.153  10  -0.193   61.345
FnEEOJnDni  145333   613  61.400  0.163   9   0.293   61.351
rWRYVWLWVO  145946   614  61.300  0.153  11   0.325   61.360
TSiMnTnRKQ  146560   613  61.300  0.153  10  -0.293   61.353
NTnBGN_YFV  147173   614  61.300  0.153  10  -0.274   61.346
<'_n:18)g5  147787   613  61.400  0.163  10  -0.027   61.345
,29f4-_?i8  148400   614  61.300  0.153  10   0.024   61.346
j_7h5hn'=?  149014   613  61.400  0.163  10   0.089   61.348
rj5?g).=:1  149627   613  61.300  0.153  10  -0.308   61.340
=j2025),6h  150240   614  61.400  0.163  10   0.116   61.343
g9d.55+d('  150854   613  61.300  0.153   9   0.142   61.346
g-6<7/-nh1  151467   614  61.300  0.153  11   0.254   61.353
:1,n/8i2h,  152081   613  61.300  0.213  10  -0.306   61.346
8,g2<h'rn3  152694   614  61.400  0.163  10  -0.138   61.342
.6jj2r8d97  153308   613  61.300  0.153  10  -0.124   61.339
.4,:50j-hr  153921   614  61.400  0.163  10   0.411   61.350
.<j2hn,f)n  154535   613  61.300  0.153   9   0.185   61.354
>AWTHY</i3  155148   614  61.500  0.167  10   0.337   61.362
>BrN_KUZCJ  155762   614  61.300  0.213  11   0.388   61.373
OZVDEHSXDi  156376   614  61.300  0.153  10  -0.624   61.357
ABRLWMVCWF  156990   613  61.300  0.213  10  -0.427   61.347
ETLnHOV</.  157603   613  61.400  0.163  10  -0.142   61.343
3<(r3rnr>>  158216   613  67.400  6.179   9  -0.474   61.332
RLXIQSPLXi  158829   613  61.400  0.163  10  -0.179   61.328
L<,/_5??f<  159442   614  61.400  0.221  10   0.439   61.339
,j-7?<<_98  160056   614  61.400  0.163   9   0.536   61.351
5)20=67)46  160670   614  61.300  0.153  11   0.483   61.364
7-71/=7dn'  161284   613  61.300  0.153  10  -0.289   61.357
h:5.26i/?h  161897   613  61.300  0.213  10  -0.446   61.346
:9?4-2=/2j  162510   614  61.400  0.163  10   0.202   61.351
g9j,=134=f  163124   613  61.300  0.213  10  -0.531   61.338
i',.0.?djh  163737   613  61.300  0.153  10  -0.002   61.338
5i2=n-g=fi  164350   614  61.400  0.163  10   0.183   61.342
2h5?'('=d,  164964   613  61.300  0.213   9   0.050   61.343
jr79gn-f(j  165577   614  61.300  0.153  11   0.347   61.353
.4f8>YnA<0  166191   614  67.500  6.168   9   0.134   61.356
?4j7jr,0+.  166805   613  61.300  0.153  10  -0.298   61.348
1i?47r9n-+  167418   613  61.300  0.153  10  -0.085   61.346
d5(3>J<n:(  168031   614  73.700  8.135   6   0.723   61.357
/3-716<38>  168645   614  98.100 16.351   8   0.552   61.368
HCXEXWYZCV  169259   614  67.500  6.168   8   0.402   61.376
_J>PBKLB<8  169873   614  61.300  0.153  11  -0.014   61.376
5--<7r'38=  170487   613  61.300  0.153  10  -0.431   61.365
'i4/2:d)87  171100   614  61.400  0.163  10  -0.178   61.361
1(j=d::iih  171714   613  61.300  0.153  10  -0.412   61.350
-,-_-n47i1  172327   613  61.300  0.153  10  -0.337   61.342
:376(3300,  172940   613  61.300  0.153  10  -0.301   61.334
+)5g,8g+g,  173553   613  61.300  0.153  10  -0.482   61.322
d-f/i5,(-+  174166   613  61.300  0.153  10  -0.056   61.321
5fh47(r?_7  174779   613  61.300  0.153   9  -0.062   61.319
nr'6n(,i47  175392   614  61.300  0.153  11   0.435   61.331
2=.?:8hn,)  176006   613  61.300  0.153  10   0.042   61.332
_r:5)(3<-:  176619   614  61.400  0.163   9   0.045   61.333
9_jd._.(30  177233   614  61.300  0.213  11   0.349   61.343
>_LLP<6n96  177847   613  61.400  0.163   9   0.405   61.352
i7766(rh<3  178460   614  61.400  0.163  10   0.234   61.358
4_8?7.2h'_  179074   614  61.400  0.163  10   0.130   61.361
+/+-)g><.+  179688   614  61.300  0.213  11   0.042   61.362
-g,'3i(1=<  180302   613  61.300  0.153  10   0.061   61.364
/5_0j=:i?3  180915   614  61.300  0.153  10  -0.222   61.358
r_rh05<_9,  181529   613  61.300  0.153  10  -0.430   61.348
/74(0+,j:7  182142   613  61.400  0.163   9  -0.274   61.342
7f<n2n>>WS  182755   614  61.300  0.153  11   0.260   61.349
JMD<fdh22<  183369   613  61.300  0.153  10  -0.105   61.346
j3j'4f2n)i  183982   614  61.400  0.163  10   0.022   61.347
rg-6,4439j  184596   613  61.300  0.213  10  -0.160   61.343
06gj8_g)f)  185209   614  61.400  0.163  10   0.284   61.350
=7d)j_/6,d  185823   613  61.300  0.153   9   0.274   61.356
,0<'3635f'  186436   614  61.300  0.153  11   0.177   61.361
ij>IO<)?:1  187050   614  61.400  0.163  10  -0.055   61.359
f:1,f2?5h.  187664   614  61.400  0.163  10   0.272   61.366
389ni9,0(6  188278   613  61.300  0.153  10  -0.230   61.360
8=8=:''),.  188891   613  61.300  0.153  10  -0.202   61.355
9j8>QHAGQn  189504   613  61.300  0.153  10  -0.608   61.340
J_BBBBC>in  190117   613  61.300  0.153  10  -0.155   61.336
VNEOQ<7<+j  190730   614  61.400  0.267  10  -0.124   61.333
=i.7/-n,(?  191344   613  61.300  0.153  10   0.170   61.337
1r=8='.09j  191957   614  61.400  0.221  10   0.193   61.342
/?fjg>GEN<  192571   614  61.400  0.221  10   0.339   61.351
?)=+:+i-0n  193185   613  61.300  0.153  10  -0.290   61.344
nhj.:/8_(/  193798   613  61.300  0.153  10  -0.172   61.339
j1i,-j+4<2  194411   614  61.300  0.153  10   0.120   61.342
7'8--'f95h  195025   613  61.400  0.267   9   0.302   61.349
6)9+<<)'/<  195638   614  61.400  0.163  10   0.291   61.356
_ng?d65gr9  196252   614  61.300  0.153  11   0.297   61.364
++-=n_)-':  196866   614  61.400  0.267  10   0.285   61.372
62g=rh?)dh  197480   614  61.400  0.267  10   0.188   61.376
+07d.d>OnI  198094   614  61.400  0.221  10  -0.003   61.376
nrnM<d=.nr  198708   613  61.300  0.153  10  -0.043   61.375
)+0:ng61h2  199321   613  61.300  0.153  10  -0.653   61.359
1.'1f8g)g1  199934   614  61.400  0.163  10  -0.073   61.357
))rh>_>AKF  200548   613  67.500  6.168   9  -0.524   61.345
RrRKTTV>_X  201161   613  67.500  6.168   9  -0.150   61.342
RBKULKLW<2  201774   614  61.400  0.163  10   0.521   61.355
+:1.hi'.gh  202388   614  67.500  6.168  10   0.203   61.360
138:=,)0<r  203002   614  67.500  4.097   8   0.166   61.363
9f48g-22_i  203616   613  61.300  0.153  10  -0.151   61.359
f315=4nn:g  204229   614  61.400  0.221  10   0.154   61.363
/<>>nCZ<22  204843   614  67.500  6.168   9   0.399   61.372
d,-ig?854.  205457   613  61.200  0.200  10  -0.836   61.351
<6r54:-h.)  206070   613  61.300  0.153  10  -0.751   61.333
rr?0d>rFO>  206683   613  73.500  8.335   8  -0.266   61.327
IiFGU_WGWD  207296   613  86.000 10.140   7   0.120   61.329
E>ErECnKAn  207909   614  67.500  6.058  10   0.380   61.339
BUUDV_AVHn  208523   613  67.500  6.168   9   0.001   61.339
MiADM>DJPJ  209136   613  61.300  0.153  10  -0.400   61.329
BTiPiLMAVZ  209749   613  61.400  0.163   9   0.146   61.332
A>UBCKXXGP  210362   614  61.400  0.221  10   0.511   61.345
DXU<gjj42+  210976   614  61.200  0.200  11   0.061   61.347
?nf2-+n/(?  211590   613  61.300  0.153  10  -0.679   61.330
d.)6:85ig8  212203   613  61.300  0.153  10  -0.366   61.321
9916d1)(<_  212816   613  61.400  0.163  10   0.049   61.322
=>NBHAYKZT  213429   613  61.300  0.153   9   0.212   61.327
>E_BYA<=(0  214042   614  61.300  0.153  11   0.187   61.332
h5n1j>VMIA  214656   613  61.300  0.213  10   0.295   61.339
nEOLMC_UME  215269   614  61.300  0.213  10  -0.103   61.336
XXSXN>DPTC  215883   613  61.400  0.221  10   0.060   61.338
<4?4_2=r(9  216496   613  61.300  0.153  10  -0.100   61.335
:'7df33=_7  217109   614  61.400  0.163  10  -0.033   61.335
2774+_+,'_  217723   613  61.300  0.153  10   0.119   61.338
>YHNrK<nr'  218336   613  61.300  0.153   9  -0.160   61.334
f,i=6,h30g  218949   614  67.500  6.058  10   0.341   61.343
i<n,_3510)  219563   614  67.500  6.168   9   0.300   61.349
=,(3-/3:8<  220177   613  67.400  6.068   9  -0.030   61.349
6h>rPAZNOB  220790   614  61.400  0.267  10  -0.119   61.346
CIOrYCCXFF  221404   613  67.500  6.168   9  -0.061   61.344
AUJWLCIXHC  222017   614  61.300  0.213  10   0.216   61.350
VUIPHAEI_L  222631   613  61.400  0.163  10  -0.004   61.350
<07j8.i7+n  223244   613  61.300  0.153  10  -0.212   61.344
::+(g8_i+g  223857   614  61.400  0.163  10   0.065   61.346
/5g:j1j,3g  224471   613  67.400  6.179   9  -0.317   61.339
(/<fn-0<_,  225084   613  61.400  0.163   9  -0.036   61.338
fn<+,>ZnRI  225697   614  67.500  6.168  10   0.238   61.344
THUF_YA_EV  226311   614  61.400  0.163  10   0.213   61.349
iUUZ>WPNTL  226925   614  61.400  0.163  10   0.437   61.360
ZI<?/>VBAL  227539   613  61.300  0.153  10  -0.137   61.357
CFKIGKFUTX  228152   614  61.400  0.163  10   0.304   61.364
ErQrnCSH<>  228766   614  61.400  0.163  10   0.376   61.374
O<1j+7r6?6  229380   614  61.400  0.221   9   0.329   61.381
ji1=8?1j/f  229994   614  73.700  8.221   8   0.485   61.391
j,h<3dd,i/  230608   614  61.200  0.133  11  -0.498   61.377
d(4)d')1g3  231222   613  61.400  0.163  10  -0.369   61.368
fd0/+5(<3+  231835   613  61.300  0.153  10  -0.275   61.361
3/4848-+j2  232448   614  61.400  0.163  10   0.043   61.362
+.:3i>FXiE  233062   613  61.200  0.133  10  -0.617   61.347
TWVYNJ<<d,  233675   613  61.400  0.163  10  -0.255   61.340
g.1+===>LE  234288   613  61.200  0.133  10  -0.723   61.322
EOOBLTrWES  234901   613  61.500  0.167   9   0.331   61.330
rYi<g37+_8  235514   614  61.300  0.153  10   0.229   61.335
r2>rEnVYQR  236128   614  61.400  0.163  10   0.496   61.348
Z>DCI>ROUQ  236742   614  61.300  0.153  11   0.299   61.356
OUS>IRGJLX  237356   613  61.300  0.213  10  -0.100   61.354
RLnGBL_YHr  237969   614  61.400  0.163  10   0.144   61.357
FFrEXV>KPO  238583   613  67.500  6.168   8  -0.109   61.355
GnIOFDCMA_  239196   614  61.300  0.153  11   0.282   61.363
HnDSZDU<3=  239810   614  67.500  6.168   9  -0.012   61.363
:<nf>RCTNR  240424   614  61.400  0.163  10   0.070   61.364
_QnN_<2?_r  241038   613  61.300  0.153  10   0.007   61.364
,01=7++5j>  241651   613  67.400  6.068   9  -0.394   61.356
FB<0hdf8f9  242264   614  61.400  0.163  10  -0.057   61.354
+9:4=f-dr2  242878   613  61.300  0.153  10  -0.024   61.354
1-3).<5-.+  243491   614  61.400  0.163  10  -0.227   61.348
r(<-9gd9+h  244105   613  61.300  0.153  10  -0.289   61.341
8(<n851')(  244718   613  61.300  0.153  10  -0.159   61.337
i?+4'5>LPn  245331   613  61.300  0.153   9  -0.134   61.334
FnBV_PAW>r  245944   614  61.300  0.153  11   0.236   61.340
HnTOMiXZZD  246558   613  61.300  0.213  10  -0.191   61.335
PrNXnCI<?4  247171   614  61.400  0.163  10   0.053   61.337
3)r0)d,?'f  247785   613  61.300  0.153  10  -0.026   61.336
/66r7892:g  248398   613  61.300  0.153  10   0.052   61.337
j?-36r?>HW  249011   614  67.500  6.058   9  -0.004   61.337
NrOSASQHZn  249625   613  61.400  0.163   9   0.065   61.339
JZHY_WUAEI  250238   614  61.200  0.133  11   0.053   61.340
KCiZO_QXSV  250852   613  61.400  0.163  10  -0.109   61.337
YNKQG_XEGY  251465   613  61.300  0.153  10  -0.149   61.334
OZLDNMNrC<  252078   613  61.300  0.153  10  -0.008   61.334
,hn?r6,00h  252691   614  61.400  0.163  10  -0.082   61.331
j.9dr:9d.f  253305   613  61.300  0.153  10   0.109   61.334
0f:4)g:+02  253918   614  61.400  0.163  10   0.287   61.341
ddfi+,h5(f  254532   614  61.400  0.163  10   0.352   61.350
7)46261i:d  255146   613  61.300  0.153   9   0.291   61.357
i+i,>WTTRJ  255759   614  85.900 18.709   7   0.096   61.358
BBLGOZYnUS  256373   613  61.300  0.153  10  -0.529   61.345
SnJENFiT>L  256986   614  61.300  0.153  10   0.024   61.346
UrBKBNDS<8  257600   613  61.400  0.163  10   0.142   61.349
<f+jf/j3<3  258213   613  61.300  0.153   9  -0.136   61.346
'=f/dr:njf  258826   614  61.300  0.153  11   0.284   61.354
j,48)<:5:2  259440   614  61.400  0.163  10   0.085   61.356
:>IZCNYQCJ  260054   614  61.400  0.163  10   0.348   61.365
Ni<'h2h4-1  260668   613  61.300  0.153  10  -0.371   61.356
--_3d_8i1?  261281   613  61.200  0.133  10  -0.526   61.342
+5,7:f9_.4  261894   613  61.400  0.163  10  -0.180   61.338
5_rgif?>rA  262507   614  61.400  0.163   9   0.377   61.346
FJFITYPnBi  263121   614  61.400  0.163  10   0.669   61.363
Z_JPTJZ_VG  263735   614  61.300  0.213  11   0.047   61.364
AiHPrV<j?i  264349   613  61.300  0.153   9  -0.173   61.361
8h+57=j<?,  264962   614  67.500  6.058   9   0.199   61.365
0'4=?23fg9  265576   614  61.300  0.213  11   0.108   61.368
.j6)7)f4.5  266190   614  61.400  0.163  10   0.361   61.377
_8g:6j2='0  266804   613  61.200  0.133  10  -0.765   61.358
g567><:=-r  267417   613  61.400  0.163   9  -0.182   61.354
(+<_63h<-h  268030   614  61.400  0.163  10   0.400   61.364
r)d7h_i)/(  268644   614  61.400  0.221  10   0.137   61.367
2+2/3<_06=  269258   614  61.300  0.153  11   0.251   61.374
/<:035//ig  269872   614  61.400  0.163  10  -0.019   61.374
-2>QQMM>L_  270486   613  61.300  0.153   9  -0.249   61.368
QiNIE<7)4?  271099   614  61.300  0.213  11  -0.075   61.366
(j5..j0r,7  271713   614  61.400  0.163  10   0.233   61.372
,>PiUNMQVG  272327   614  61.400  0.267  10   0.311   61.380
_K_nGQMiZE  272941   614  61.400  0.163  10   0.152   61.383
DOR>IrQYUM  273555   613  61.300  0.153  10  -0.463   61.372
DXY>BIOYCn  274168   614  61.400  0.163  10  -0.012   61.372
>DZQUNB<9f  274782   614  61.400  0.163  10   0.155   61.375
4(h9?f5<<<  275396   614  61.300  0.153  10  -0.167   61.371
=')4i54_,'  276010   613  61.400  0.163  10  -0.178   61.367
8f?3-2gn)i  276623   614  67.500  6.168   9   0.227   61.372
47i.(d_?_>  277237   614  61.400  0.267  10   0.317   61.380
ONiiDNK>RE  277851   613  61.200  0.249  10  -0.511   61.367
STZU_EAiPS  278464   613  67.400  6.181   9  -0.494   61.356
EEOYnrIQKW  279077   614  61.300  0.153  10  -0.351   61.347
UPMVnUWFVZ  279691   613  61.400  0.163  10  -0.142   61.344
SnRIYQKHQD  280304   613  61.400  0.163   9  -0.194   61.339
P>F<28379d  280917   614  61.300  0.153  11   0.353   61.349
()6h,+.74f  281531   613  61.300  0.213  10  -0.182   61.344
5-+57-h_g6  282144   614  61.400  0.163   9   0.450   61.354
>OFiN_rSAS  282758   614  61.400  0.163  10   0.640   61.371
TEiiELMJND  283372   614  61.300  0.300  11  -0.110   61.367
OQX_YCOrXr  283986   613  67.400  6.068   9  -0.345   61.360
UALCBOUi>U  284599   614  61.400  0.221  10   0.028   61.360
RCLVLVENFQ  285213   614  61.400  0.163  10   0.258   61.367
MAAYJW_BNW  285827   614  61.400  0.163  10   0.382   61.376
FOZMKMOMSI  286441   614  73.600  8.234   8  -0.163   61.373
SCSUrRJMrD  287055   613  61.400  0.163   9   0.182   61.377
BYDB<0.3i,  287668   614  61.300  0.153  11  -0.127   61.374
f'j_)hn,/_  288282   613  61.300  0.213  10  -0.372   61.364
_.6r35(/52  288895   613  61.300  0.153  10  -0.570   61.350
grr,g.6-d1  289508   614  61.400  0.163  10   0.053   61.352
7<':.<h<8-  290122   613  61.300  0.213  10  -0.099   61.349
(r38ri:7j,  290735   614  61.400  0.163  10  -0.163   61.345
)2-'.(047n  291349   613  61.300  0.153  10  -0.064   61.343
/ifhd:dh<g  291962   614  61.300  0.153  10   0.148   61.347
h>LVOJUEBI  292576   613  61.300  0.213  10  -0.450   61.336
IVWB<j8,<>  293189   613  61.400  0.163  10  -0.175   61.331
ELDHH<70hi  293802   613  61.400  0.163   9   0.186   61.336
),6n)))?)9  294415   614  61.300  0.153  11   0.201   61.341
'-ngg3797+  295029   614  61.400  0.163  10   0.454   61.353
)>L_J<ffi_  295643   614  61.400  0.163  10   0.636   61.368
9j<5_-:/.4  296257   614  61.400  0.163  10   0.006   61.369
f'+377<,g_  296871   613  61.300  0.153  10  -0.138   61.365
/_)10.(9'8  297484   613  61.300  0.153  10  -0.457   61.354
/(hg:+fg</  298097   613  61.200  0.133  10  -0.762   61.335
1..-,528,<  298710   613  61.400  0.163   9  -0.137   61.332
?,23.i5-23  299323   614  61.200  0.133  11  -0.063   61.330
7>>GM__<<2  299937   613  61.400  0.221  10   0.151   61.334
f8dh,2?=,n  300550   613  61.300  0.213  10  -0.248   61.327
??)?)0j3r:  301163   613  61.300  0.213  10  -0.298   61.320
41h/168-8i  301776   613  61.300  0.153  10  -0.105   61.317
=ifdj+=d+g  302389   613  61.300  0.153  10  -0.021   61.317
<+0(g409fn  303002   613  61.300  0.153  10  -0.242   61.311
9:h691__>A  303615   613  61.300  0.153  10   0.099   61.313
iQIiSSKRAi  304228   614  61.400  0.163  10   0.336   61.322
WJMSQE<9:6  304842   613  61.300  0.153   9   0.435   61.331
rr'n0f'n'r  305455   615  61.400  0.163  11   0.717   61.351
r7(:n(f:30  306070   613  61.300  0.153  10  -0.131   61.348
+(9<27:66,  306683   613  61.300  0.153  10  -0.351   61.339
-6-'+_g:,i  307296   613  61.200  0.133  10  -0.569   61.325
<8(0<)8.f/  307909   613  61.400  0.163  10  -0.048   61.324
=h?4+(57?,  308522   613  61.400  0.221   9   0.210   61.328
<,=8?r_.'/  309135   614  61.300  0.153  11   0.138   61.332
,9<<>JEiKX  309749   613  61.300  0.153   9   0.017   61.333
AMSiUOniJF  310362   614  61.300  0.213  11   0.467   61.345
PWS_NI>U_S  310976   614  61.400  0.163  10   0.334   61.354
LDN_Qn_BEX  311590   613  61.300  0.153   9  -0.044   61.353
>ACZFUGUCA  312203   614  61.300  0.153  11  -0.085   61.350
rTiHJJQYTi  312817   613  61.300  0.153  10   0.077   61.352
_YXL_WJOOi  313430   614  61.400  0.163  10   0.286   61.360
NFS<7.n9?5  314044   614  61.400  0.221   9   0.541   61.372
2)20+r920/  314658   615  61.400  0.163  11   0.428   61.383
h5dnrr(2'i  315273   613  61.400  0.163   9  -0.291   61.377
+j'3i<-f2n  315886   614  61.300  0.153  11  -0.015   61.377
f?<+<-656?  316500   613  61.300  0.153  10  -0.385   61.367
(7-+53g/2i  317113   614  61.400  0.163   9   0.266   61.373
:n(r4_8.)n  317727   614  61.300  0.153  11  -0.073   61.371
)5/01/1779  318341   613  61.300  0.153  10  -0.230   61.365
_h>IRLEr_i  318954   614  61.400  0.221  10  -0.111   61.362
GFV_CPMBPU  319568   613  61.300  0.153  10  -0.298   61.355
MPBiKGYJZZ  320181   614  61.400  0.163  10  -0.005   61.355
BA_DUFAOSI  320795   613  61.300  0.213  10  -0.083   61.353
OUFHVKniC<  321408   613  61.500  0.167   9  -0.194   61.348
dd<5.5,n>N  322021   615  61.400  0.221  10   0.724   61.366
WLEOQMiBYi  322636   614  61.200  0.133  11   0.196   61.372
<d<84h98?2  323250   613  61.400  0.163  10   0.028   61.373
:)+fj67<.)  323863   614  61.400  0.163  10  -0.020   61.372
g0?-+f..0,  324477   614  61.400  0.163  10  -0.153   61.368
,+)5h-3j5_  325091   613  61.300  0.153  10  -0.286   61.361
5?.:df'9_+  325704   614  61.400  0.163  10   0.209   61.366
<3,g2r7_4<  326318   614  61.500  0.167   9   0.835   61.385
h6f<r5f.r.  326932   615  61.300  0.153  11   0.222   61.391
68ij.87d':  327547   614  61.500  0.167  10   0.133   61.395
03d:>MGKCS  328161   614  67.600  6.158   9   0.430   61.404
BNNAiYHZQ_  328775   614  67.500  6.170   9   0.028   61.405
LBnMZFXSEW  329389   614  67.600  6.048   9  -0.262   61.399
AGXWQQQHMB  330003   613  67.500  6.058   9  -0.660   61.384
XRiSWVViKN  330616   613  61.300  0.213  10  -0.518   61.371
<-5?'20)2>  331229   614  61.300  0.213  10  -0.488   61.359
YTnASAHABG  331843   613  61.500  0.167   9   0.198   61.363
GLWNWBFirS  332456   615  61.400  0.163  11   0.603   61.380
GHQEBCQXU>  333071   614  61.300  0.153   9  -0.024   61.379
VBOP_P<h((  333685   613  67.500  6.168  10   0.054   61.381
j)652,59(:  334298   614  61.400  0.163  10   0.037   61.382
6nnf5_,='+  334912   614  61.400  0.163  10  -0.103   61.379
_'d7rg8h=0  335526   614  61.400  0.163  10   0.146   61.383
7g0n-,ihdd  336140   614  61.400  0.221  10   0.141   61.386
7f(983-g-'  336754   613  61.300  0.153   9  -0.245   61.381
90)-(43ihr  337367   614  67.500  6.281  10   0.158   61.385
=+,f3-0+2f  337981   614  61.400  0.221  10  -0.257   61.378
994n0i<g:3  338595   614  61.300  0.153  10  -0.215   61.373
,1/2/.<jid  339209   613  61.400  0.163  10  -0.008   61.373
:.-5<,jf?f  339822   614  61.400  0.163  10   0.159   61.377
?38,/?fd.1  340436   614  61.400  0.163  10   0.158   61.381
(n/i=_7__,  341050   614  61.300  0.153  10  -0.363   61.372
,j6802d_rn  341664   613  61.300  0.213  10  -0.279   61.365
(>XrS_TNV_  342277   613  61.400  0.221  10  -0.505   61.352
WO>rDVGRnS  342890   613  61.400  0.163   9  -0.074   61.350
GSQYCUiJTH  343503   614  61.400  0.163  10   0.386   61.360
BR_ArCGRLE  344117   614  61.300  0.153  11   0.145   61.364
OWYWnnGSTI  344731   614  61.400  0.221  10  -0.012   61.364
PX_RJVJLrL  345345   613  61.300  0.153   9  -0.058   61.362
EC_VGVIWSU  345958   614  61.300  0.335  11   0.068   61.364
BUC>DYYnQK  346572   614  67.400  6.179   9  -0.157   61.361
AGnKJAVUV>  347186   613  61.400  0.163  10  -0.271   61.354
TTTSRFFDUJ  347799   614  61.500  0.167   9   0.668   61.369
rBWLSJUKWO  348413   614  61.300  0.153  11   0.436   61.381
r>QM>HPBDQ  349027   614  61.500  0.167   9   0.373   61.389
HMFEXPnXUP  349641   615  61.400  0.163  11   0.195   61.395
iRGWiO>PNI  350256   613  61.300  0.260  10  -0.253   61.388
QZVUJrWPTG  350869   614  61.400  0.163  10  -0.128   61.385
V<i:3n)>_L  351483   614  61.400  0.163  10   0.151   61.389
iFJHHYiEWG  352097   614  61.400  0.163  10  -0.099   61.386
DWJTYKOHrD  352711   614  61.400  0.163  10   0.142   61.390
PQNninriKS  353325   613  61.300  0.153  10  -0.278   61.383
G>niPTRZNX  353938   614  61.400  0.221  10  -0.184   61.378
>iOFJLZKGB  354552   614  61.400  0.163  10  -0.211   61.373
irYRKErQXR  355166   613  61.400  0.163   9  -0.002   61.373
DVRViHRNRR  355779   614  61.300  0.260  11   0.101   61.376
GJZKJZDViN  356393   613  61.300  0.153  10  -0.391   61.366
MQVZDJUTr>  357006   614  61.300  0.153  10  -0.432   61.355
X<<=j(,/1h  357620   613  61.400  0.163   9   0.178   61.359
+nj04?5<1>  358233   615  61.300  0.213  11   0.766   61.380
PCWYAnJTCA  358848   614  61.400  0.221  10  -0.189   61.376
DGVriEOUiF  359462   613  61.400  0.267  10  -0.106   61.373
KrJ_O>XGCn  360075   614  61.300  0.213   9   0.108   61.376
U>>iiiiiii  360689   614  61.300  0.153  11   0.083   61.378
iiiiiEiV>>  361303   614  72.200  7.492   4   0.793   61.386
>>>>>>>>>>  361917   614  98.900 24.460   0           61.386
>>>>>>>>>>  362531   614 135.500 29.900   0           61.386
>>>>>>>>>>  363145   613 193.100 46.434   1  -2.204   61.380
>>>>>>>>>>  363758   614 175.300 43.920   1   2.735   61.387
>>>>>>>>>>  364372   615 147.400 17.730   1   2.211   61.393
>>>QY>XnKV  364987   614 141.900 22.866   0           61.393
>iiQX<(2(2  365601   614 141.200 23.636   2   2.013   61.403
'i._5):g0)  366215   614 113.200 16.189   1   1.318   61.406
n317'13464  366829   614  90.700  8.256   0           61.406
64i'4'4'in  367443   614  60.100  2.505   2  -0.954   61.401
'n6)6+)+4?  368057   614  65.300  6.515   2   0.164   61.402
49ddi,_..h  368671   614  79.600  8.760   0           61.402
.gg:g0d231  369285   614  84.400  9.142   1  -0.631   61.400
7'264646'4  369899   614  72.100  6.442   0           61.400
'4'4i'n')6  370513   614  72.100  8.282   3   0.957   61.408
+)+n?49d9d  371127   614  75.600  8.143   0           61.408
f_,_.=4=0g  371741   614  85.000  9.857   0           61.408
))3f21f/<0  372355   614 106.500 17.671   1  -2.299   61.402
f_di3ddf74  372969   614  86.100  8.978   0           61.402
7_8500)25)  373583   614  78.100  8.303   1  -0.311   61.401
<g999i/h..  374197   614  76.900  8.002   2   0.986   61.406
.ii/.::=:.  374811   615  98.700 24.010   0           61.406
>JXXKKBQV>  375426   614 105.800 23.045   0           61.406
VVXQCAK<gj  376040   614  90.900 13.130   0           61.406
>UE>FZ<7><  376654   614 112.900 17.903   0           61.406
>>Z>LGFC<>  377268   614 124.800 20.062   0           61.406
RAQEJYKBVX  377882   614 116.600 21.999   1  -1.046   61.403
><'j>NMS>U  378496   614 117.100 19.602   0           61.403
CJ>ZKI>JGP  379110   614 134.100 18.026   1  -0.606   61.402
OPRGNCUAFR  379724   613 113.100 13.127   1  -2.760   61.395
RrF<108j7j  380337   614 101.100 12.522   0           61.395
2.h>USQ>CA  380951   614 103.200 17.109   0           61.395
UERPMU<:f4  381565   614 109.900 19.113   1   0.247   61.396
?)gnn>VKPG  382179   614  98.300 14.621   0           61.396
_DYGnMGDKI  382793   614 111.300 14.520   0           61.396
UO>BVXDM>E  383407   614  94.100 12.748   0           61.396
PBYFAVXYIJ  384021   614 105.800 17.190   0           61.396
Y>KUC>YGIW  384635   614 136.700 17.675   0           61.396
>H>>OBGZOU  385249   614 114.800 16.643   1   0.884   61.398
nOQE
